0	-16568227.000000000	
1	-16645662.000000000	
2	-16622827.000000000	
3	-16567999.000000000	
4	-16509759.000000000	
5	-16476274.000000000	
6	-16462843.000000000	
7	-16402740.000000000	
8	-16240007.000000000	
9	-15950015.000000000	
10	-15426928.000000000	
11	-14786403.000000000	
12	-14306943.000000000	
13	-13991087.000000000	
14	-13783300.000000000	
15	-13904160.000000000	
16	-14099425.000000000	
17	-14418929.000000000	
18	-14758263.000000000	
19	-15163657.000000000	
20	-15571304.000000000	
21	-15986267.000000000	
22	-16281255.000000000	
23	-16476350.000000000	
24	-16564429.000000000	
25	-16579122.000000000	
26	-16555130.000000000	
27	-16515287.000000000	
28	-16499289.000000000	
29	-16519033.000000000	
30	-16526085.000000000	
31	-16576085.000000000	
32	-16569535.000000000	
33	-16578924.000000000	
34	-16588729.000000000	
35	-16594425.000000000	
36	-16591662.000000000	
37	-16590055.000000000	
38	-16590248.000000000	
39	-16591211.000000000	
40	-16590762.000000000	
41	-16588577.000000000	
42	-16589670.000000000	
43	-16589863.000000000	
44	-16588775.000000000	
45	-16586783.000000000	
46	-16588193.000000000	
47	-16586012.000000000	
48	-16593343.000000000	
49	-16593471.000000000	
50	-16590512.000000000	
51	-16590448.000000000	
52	-16591219.000000000	
53	-16595716.000000000	
54	-16597452.000000000	
55	-16597772.000000000	
56	-16593468.000000000	
57	-16594046.000000000	
58	-16595331.000000000	
59	-16592761.000000000	
60	-16591544.000000000	
61	-16589423.000000000	
62	-16591416.000000000	
63	-16590902.000000000	
64	-16594492.000000000	
65	-16594170.000000000	
66	-16594747.000000000	
67	-16590313.000000000	
68	-16589025.000000000	
69	-16588704.000000000	
70	-16586648.000000000	
71	-16586391.000000000	
72	-16582471.000000000	
73	-16589346.000000000	
74	-16592751.000000000	
75	-16599434.000000000	
76	-16600269.000000000	
77	-16598663.000000000	
78	-16596992.000000000	
79	-16592751.000000000	
80	-16591270.000000000	
81	-16590242.000000000	
82	-16589925.000000000	
83	-16589283.000000000	
84	-16589476.000000000	
85	-16589668.000000000	
86	-16590888.000000000	
87	-16590695.000000000	
88	-16593910.000000000	
89	-16595324.000000000	
90	-16600656.000000000	
91	-16595581.000000000	
92	-16590890.000000000	
93	-16591019.000000000	
94	-16593588.000000000	
95	-16597764.000000000	
96	-16595641.000000000	
97	-16590757.000000000	
98	-16587997.000000000	
99	-16588961.000000000	
100	-16588061.000000000	
101	-16588575.000000000	
102	-16591852.000000000	
103	-16592045.000000000	
104	-16597763.000000000	
105	-16598534.000000000	
106	-16596671.000000000	
107	-16597699.000000000	
108	-16597891.000000000	
109	-16596221.000000000	
110	-16596160.000000000	
111	-16594743.000000000	
112	-16592816.000000000	
113	-16591852.000000000	
114	-16592880.000000000	
115	-16592816.000000000	
116	-16590952.000000000	
117	-16589346.000000000	
118	-16589539.000000000	
119	-16590888.000000000	
120	-16587547.000000000	
121	-16587933.000000000	
122	-16589025.000000000	
123	-16589025.000000000	
124	-16589732.000000000	
125	-16591274.000000000	
126	-16590695.000000000	
127	-16593587.000000000	
128	-16592366.000000000	
129	-16596992.000000000	
130	-16594614.000000000	
131	-16593780.000000000	
132	-16592237.000000000	
133	-16592687.000000000	
134	-16593329.000000000	
135	-16593651.000000000	
136	-16593329.000000000	
137	-16593908.000000000	
138	-16592815.000000000	
139	-16594422.000000000	
140	-16596156.000000000	
141	-16597635.000000000	
142	-16599176.000000000	
143	-16600012.000000000	
144	-16597249.000000000	
145	-16591147.000000000	
146	-16590696.000000000	
147	-16589029.000000000	
148	-16588451.000000000	
149	-16589027.000000000	
150	-16589991.000000000	
151	-16591723.000000000	
152	-16595386.000000000	
153	-16593907.000000000	
154	-16595771.000000000	
155	-16593778.000000000	
156	-16595321.000000000	
157	-16593200.000000000	
158	-16592559.000000000	
159	-16594040.000000000	
160	-16589862.000000000	
161	-16590117.000000000	
162	-16591659.000000000	
163	-16592623.000000000	
164	-16593779.000000000	
165	-16591916.000000000	
166	-16590117.000000000	
167	-16589346.000000000	
168	-16593715.000000000	
169	-16593394.000000000	
170	-16593330.000000000	
171	-16594036.000000000	
172	-16595193.000000000	
173	-16594293.000000000	
174	-16593458.000000000	
175	-16592109.000000000	
176	-16589989.000000000	
177	-16591720.000000000	
178	-16591077.000000000	
179	-16595900.000000000	
180	-16597956.000000000	
181	-16597121.000000000	
182	-16594807.000000000	
183	-16592237.000000000	
184	-16589218.000000000	
185	-16594422.000000000	
186	-16598919.000000000	
187	-16604702.000000000	
188	-16603481.000000000	
189	-16602646.000000000	
190	-16599822.000000000	
191	-16596417.000000000	
192	-16602196.000000000	
193	-16599757.000000000	
194	-16600464.000000000	
195	-16596672.000000000	
196	-16592752.000000000	
197	-16590566.000000000	
198	-16591336.000000000	
199	-16592428.000000000	
200	-16589022.000000000	
201	-16592299.000000000	
202	-16589087.000000000	
203	-16594806.000000000	
204	-16597441.000000000	
205	-16599370.000000000	
206	-16599820.000000000	
207	-16593846.000000000	
208	-16588775.000000000	
209	-16585819.000000000	
210	-16590552.000000000	
211	-16592456.000000000	
212	-16592006.000000000	
213	-16594680.000000000	
214	-16589257.000000000	
215	-16589192.000000000	
216	-16582772.000000000	
217	-16586498.000000000	
218	-16571093.000000000	
219	-16568206.000000000	
220	-16557713.000000000	
221	-16554568.000000000	
222	-16538980.000000000	
223	-16509342.000000000	
224	-16428769.000000000	
225	-16332368.000000000	
226	-16083492.000000000	
227	-15870073.000000000	
228	-15296027.000000000	
229	-14351063.000000000	
230	-13022319.000000000	
231	-11283829.000000000	
232	-9908215.000000000	
233	-8687615.000000000	
234	-7577242.500000000	
235	-7454402.500000000	
236	-7810649.500000000	
237	-8869250.000000000	
238	-10386348.000000000	
239	-11841043.000000000	
240	-13355046.000000000	
241	-14619785.000000000	
242	-15570411.000000000	
243	-16008291.000000000	
244	-16174868.000000000	
245	-16319195.000000000	
246	-16419393.000000000	
247	-16478979.000000000	
248	-16495899.000000000	
249	-16485449.000000000	
250	-16490942.000000000	
251	-16480779.000000000	
252	-16449875.000000000	
253	-16462198.000000000	
254	-16473614.000000000	
255	-16482617.000000000	
256	-16506248.000000000	
257	-16519043.000000000	
258	-16517195.000000000	
259	-16527385.000000000	
260	-16529569.000000000	
261	-16531176.000000000	
262	-16530213.000000000	
263	-16525265.000000000	
264	-16527385.000000000	
265	-16534065.000000000	
266	-16538437.000000000	
267	-16538308.000000000	
268	-16532718.000000000	
269	-16525458.000000000	
270	-16526294.000000000	
271	-16530211.000000000	
272	-16532896.000000000	
273	-16526548.000000000	
274	-16532623.000000000	
275	-16533967.000000000	
276	-16538197.000000000	
277	-16541273.000000000	
278	-16544545.000000000	
279	-16540812.000000000	
280	-16544724.000000000	
281	-16542538.000000000	
282	-16541191.000000000	
283	-16537655.000000000	
284	-16538621.000000000	
285	-16539976.000000000	
286	-16543255.000000000	
287	-16545189.000000000	
288	-16548639.000000000	
289	-16559500.000000000	
290	-16561964.000000000	
291	-16564980.000000000	
292	-16568454.000000000	
293	-16569224.000000000	
294	-16565884.000000000	
295	-16565887.000000000	
296	-16566208.000000000	
297	-16567942.000000000	
298	-16562418.000000000	
299	-16560811.000000000	
300	-16560297.000000000	
301	-16562353.000000000	
302	-16564474.000000000	
303	-16567169.000000000	
304	-16574808.000000000	
305	-16581500.000000000	
306	-16583216.000000000	
307	-16582512.000000000	
308	-16581356.000000000	
309	-16580839.000000000	
310	-16582574.000000000	
311	-16583215.000000000	
312	-16583664.000000000	
313	-16583407.000000000	
314	-16579424.000000000	
315	-16579747.000000000	
316	-16582317.000000000	
317	-16582833.000000000	
318	-16582898.000000000	
319	-16584636.000000000	
320	-16588990.000000000	
321	-16593209.000000000	
322	-16593712.000000000	
323	-16590117.000000000	
324	-16591659.000000000	
325	-16595450.000000000	
326	-16596028.000000000	
327	-16596028.000000000	
328	-16595064.000000000	
329	-16593073.000000000	
330	-16593458.000000000	
331	-16593394.000000000	
332	-16594293.000000000	
333	-16596542.000000000	
334	-16597634.000000000	
335	-16597702.000000000	
336	-16593522.000000000	
337	-16591980.000000000	
338	-16594680.000000000	
339	-16594423.000000000	
340	-16591596.000000000	
341	-16592239.000000000	
342	-16592881.000000000	
343	-16592303.000000000	
344	-16594166.000000000	
345	-16589155.000000000	
346	-16589540.000000000	
347	-16587934.000000000	
348	-16588255.000000000	
349	-16589155.000000000	
350	-16587420.000000000	
351	-16590569.000000000	
352	-16591665.000000000	
353	-16593077.000000000	
354	-16589860.000000000	
355	-16587547.000000000	
356	-16587355.000000000	
357	-16587868.000000000	
358	-16587162.000000000	
359	-16589025.000000000	
360	-16587483.000000000	
361	-16588061.000000000	
362	-16588318.000000000	
363	-16587611.000000000	
364	-16588961.000000000	
365	-16588447.000000000	
366	-16589664.000000000	
367	-16590756.000000000	
368	-16592367.000000000	
369	-16589603.000000000	
370	-16590183.000000000	
371	-16593138.000000000	
372	-16595902.000000000	
373	-16595130.000000000	
374	-16592496.000000000	
375	-16590311.000000000	
376	-16587935.000000000	
377	-16589026.000000000	
378	-16590054.000000000	
379	-16592046.000000000	
380	-16593846.000000000	
381	-16593909.000000000	
382	-16591340.000000000	
383	-16589669.000000000	
384	-16588705.000000000	
385	-16594680.000000000	
386	-16595129.000000000	
387	-16593198.000000000	
388	-16594036.000000000	
389	-16594679.000000000	
390	-16591788.000000000	
391	-16589410.000000000	
392	-16588704.000000000	
393	-16586519.000000000	
394	-16590824.000000000	
395	-16591017.000000000	
396	-16590438.000000000	
397	-16591145.000000000	
398	-16595064.000000000	
399	-16594615.000000000	
400	-16592434.000000000	
401	-16594229.000000000	
402	-16597310.000000000	
403	-16593844.000000000	
404	-16594165.000000000	
405	-16597249.000000000	
406	-16592366.000000000	
407	-16587290.000000000	
408	-16592237.000000000	
409	-16588639.000000000	
410	-16592302.000000000	
411	-16590824.000000000	
412	-16593073.000000000	
413	-16591916.000000000	
414	-16591145.000000000	
415	-16592948.000000000	
416	-16590631.000000000	
417	-16593201.000000000	
418	-16590438.000000000	
419	-16592302.000000000	
420	-16591531.000000000	
421	-16594743.000000000	
422	-16594293.000000000	
423	-16594550.000000000	
424	-16593587.000000000	
425	-16597506.000000000	
426	-16589218.000000000	
427	-16589475.000000000	
428	-16586776.000000000	
429	-16585620.000000000	
430	-16586712.000000000	
431	-16586005.000000000	
432	-16594679.000000000	
433	-16594036.000000000	
434	-16591338.000000000	
435	-16592109.000000000	
436	-16590053.000000000	
437	-16594422.000000000	
438	-16593330.000000000	
439	-16594229.000000000	
440	-16592944.000000000	
441	-16587740.000000000	
442	-16584206.000000000	
443	-16584463.000000000	
444	-16586905.000000000	
445	-16587740.000000000	
446	-16587483.000000000	
447	-16585812.000000000	
448	-16589350.000000000	
449	-16591020.000000000	
450	-16590828.000000000	
451	-16586844.000000000	
452	-16586844.000000000	
453	-16590892.000000000	
454	-16590503.000000000	
455	-16593137.000000000	
456	-16594358.000000000	
457	-16591916.000000000	
458	-16594036.000000000	
459	-16592366.000000000	
460	-16592109.000000000	
461	-16589153.000000000	
462	-16588961.000000000	
463	-16587097.000000000	
464	-16581636.000000000	
465	-16585941.000000000	
466	-16585620.000000000	
467	-16587097.000000000	
468	-16587997.000000000	
469	-16586647.000000000	
470	-16586455.000000000	
471	-16586069.000000000	
472	-16586070.000000000	
473	-16589282.000000000	
474	-16588447.000000000	
475	-16591723.000000000	
476	-16593844.000000000	
477	-16594165.000000000	
478	-16589860.000000000	
479	-16588833.000000000	
480	-16591727.000000000	
481	-16591337.000000000	
482	-16592881.000000000	
483	-16591213.000000000	
484	-16591405.000000000	
485	-16590697.000000000	
486	-16591211.000000000	
487	-16589153.000000000	
488	-16587355.000000000	
489	-16588126.000000000	
490	-16593716.000000000	
491	-16593458.000000000	
492	-16594294.000000000	
493	-16593972.000000000	
494	-16592755.000000000	
495	-16593072.000000000	
496	-16592491.000000000	
497	-16589406.000000000	
498	-16582800.000000000	
499	-16579779.000000000	
500	-16579397.000000000	
501	-16585241.000000000	
502	-16583575.000000000	
503	-16585824.000000000	
504	-16585315.000000000	
505	-16590583.000000000	
506	-16583523.000000000	
507	-16579089.000000000	
508	-16578196.000000000	
509	-16584358.000000000	
510	-16583850.000000000	
511	-16583396.000000000	
512	-16587305.000000000	
513	-16588262.000000000	
514	-16588768.000000000	
515	-16590952.000000000	
516	-16590181.000000000	
517	-16592687.000000000	
518	-16593651.000000000	
519	-16593330.000000000	
520	-16592816.000000000	
521	-16592430.000000000	
522	-16593394.000000000	
523	-16593779.000000000	
524	-16592623.000000000	
525	-16594551.000000000	
526	-16595450.000000000	
527	-16595514.000000000	
528	-16591659.000000000	
529	-16591597.000000000	
530	-16589605.000000000	
531	-16590505.000000000	
532	-16591147.000000000	
533	-16591597.000000000	
534	-16592238.000000000	
535	-16593908.000000000	
536	-16597827.000000000	
537	-16596799.000000000	
538	-16598534.000000000	
539	-16597312.000000000	
540	-16594934.000000000	
541	-16593713.000000000	
542	-16592557.000000000	
543	-16593456.000000000	
544	-16594099.000000000	
545	-16588254.000000000	
546	-16589796.000000000	
547	-16592045.000000000	
548	-16591723.000000000	
549	-16590696.000000000	
550	-16590502.000000000	
551	-16593780.000000000	
552	-16593458.000000000	
553	-16592366.000000000	
554	-16588511.000000000	
555	-16587098.000000000	
556	-16589282.000000000	
557	-16589346.000000000	
558	-16590759.000000000	
559	-16591916.000000000	
560	-16594101.000000000	
561	-16592366.000000000	
562	-16592430.000000000	
563	-16593587.000000000	
564	-16593972.000000000	
565	-16592691.000000000	
566	-16591213.000000000	
567	-16588964.000000000	
568	-16588643.000000000	
569	-16589800.000000000	
570	-16589928.000000000	
571	-16588708.000000000	
572	-16589218.000000000	
573	-16588832.000000000	
574	-16589410.000000000	
575	-16586712.000000000	
576	-16587354.000000000	
577	-16591141.000000000	
578	-16586776.000000000	
579	-16587675.000000000	
580	-16585556.000000000	
581	-16585427.000000000	
582	-16586391.000000000	
583	-16585298.000000000	
584	-16590631.000000000	
585	-16589282.000000000	
586	-16591595.000000000	
587	-16593137.000000000	
588	-16593458.000000000	
589	-16597377.000000000	
590	-16593526.000000000	
591	-16593460.000000000	
592	-16586588.000000000	
593	-16587163.000000000	
594	-16592292.000000000	
595	-16591131.000000000	
596	-16587866.000000000	
597	-16587866.000000000	
598	-16587615.000000000	
599	-16588256.000000000	
600	-16587301.000000000	
601	-16587748.000000000	
602	-16589931.000000000	
603	-16590051.000000000	
604	-16591910.000000000	
605	-16592930.000000000	
606	-16591830.000000000	
607	-16581989.000000000	
608	-16582633.000000000	
609	-16596772.000000000	
610	-16594991.000000000	
611	-16591209.000000000	
612	-16589475.000000000	
613	-16590246.000000000	
614	-16591788.000000000	
615	-16595450.000000000	
616	-16596542.000000000	
617	-16598277.000000000	
618	-16597442.000000000	
619	-16596928.000000000	
620	-16595835.000000000	
621	-16593844.000000000	
622	-16593654.000000000	
623	-16592045.000000000	
624	-16587933.000000000	
625	-16590053.000000000	
626	-16591724.000000000	
627	-16591273.000000000	
628	-16590439.000000000	
629	-16590888.000000000	
630	-16593394.000000000	
631	-16592687.000000000	
632	-16593009.000000000	
633	-16591209.000000000	
634	-16592945.000000000	
635	-16592687.000000000	
636	-16593394.000000000	
637	-16594036.000000000	
638	-16593394.000000000	
639	-16593265.000000000	
640	-16590119.000000000	
641	-16588711.000000000	
642	-16590383.000000000	
643	-16593467.000000000	
644	-16589162.000000000	
645	-16586913.000000000	
646	-16587685.000000000	
647	-16589676.000000000	
648	-16586849.000000000	
649	-16588520.000000000	
650	-16590062.000000000	
651	-16591475.000000000	
652	-16591476.000000000	
653	-16594302.000000000	
654	-16595074.000000000	
655	-16595780.000000000	
656	-16593465.000000000	
657	-16590569.000000000	
658	-16587419.000000000	
659	-16586519.000000000	
660	-16588511.000000000	
661	-16590181.000000000	
662	-16589411.000000000	
663	-16589282.000000000	
664	-16592238.000000000	
665	-16594679.000000000	
666	-16598598.000000000	
667	-16598148.000000000	
668	-16598341.000000000	
669	-16596927.000000000	
670	-16593137.000000000	
671	-16591595.000000000	
672	-16593844.000000000	
673	-16596671.000000000	
674	-16591531.000000000	
675	-16588832.000000000	
676	-16587997.000000000	
677	-16593779.000000000	
678	-16595321.000000000	
679	-16596285.000000000	
680	-16590567.000000000	
681	-16584977.000000000	
682	-16589732.000000000	
683	-16588832.000000000	
684	-16585941.000000000	
685	-16588318.000000000	
686	-16590181.000000000	
687	-16588511.000000000	
688	-16587164.000000000	
689	-16590058.000000000	
690	-16591342.000000000	
691	-16593649.000000000	
692	-16594677.000000000	
693	-16596144.000000000	
694	-16587593.000000000	
695	-16586883.000000000	
696	-16599608.000000000	
697	-16597940.000000000	
698	-16594084.000000000	
699	-16591451.000000000	
700	-16589011.000000000	
701	-16589405.000000000	
702	-16587933.000000000	
703	-16588967.000000000	
704	-16586074.000000000	
705	-16587614.000000000	
706	-16588704.000000000	
707	-16587225.000000000	
708	-16584978.000000000	
709	-16585169.000000000	
710	-16587419.000000000	
711	-16589924.000000000	
712	-16587419.000000000	
713	-16591530.000000000	
714	-16595258.000000000	
715	-16599305.000000000	
716	-16598085.000000000	
717	-16595385.000000000	
718	-16589732.000000000	
719	-16587483.000000000	
720	-16591724.000000000	
721	-16592751.000000000	
722	-16591402.000000000	
723	-16592045.000000000	
724	-16593522.000000000	
725	-16591916.000000000	
726	-16593458.000000000	
727	-16592494.000000000	
728	-16592045.000000000	
729	-16584656.000000000	
730	-16581765.000000000	
731	-16580415.000000000	
732	-16583499.000000000	
733	-16590952.000000000	
734	-16591788.000000000	
735	-16595900.000000000	
736	-16593976.000000000	
737	-16595710.000000000	
738	-16594233.000000000	
739	-16591277.000000000	
740	-16591274.000000000	
741	-16590503.000000000	
742	-16590760.000000000	
743	-16592687.000000000	
744	-16591531.000000000	
745	-16593394.000000000	
746	-16595386.000000000	
747	-16594229.000000000	
748	-16593008.000000000	
749	-16590246.000000000	
750	-16590306.000000000	
751	-16590499.000000000	
752	-16588572.000000000	
753	-16587029.000000000	
754	-16588447.000000000	
755	-16589025.000000000	
756	-16589539.000000000	
757	-16587419.000000000	
758	-16585491.000000000	
759	-16582600.000000000	
760	-16587740.000000000	
761	-16589282.000000000	
762	-16592880.000000000	
763	-16593137.000000000	
764	-16593522.000000000	
765	-16594293.000000000	
766	-16590888.000000000	
767	-16590888.000000000	
768	-16592687.000000000	
769	-16595707.000000000	
770	-16594872.000000000	
771	-16594871.000000000	
772	-16592495.000000000	
773	-16586390.000000000	
774	-16586455.000000000	
775	-16587804.000000000	
776	-16585427.000000000	
777	-16586840.000000000	
778	-16592366.000000000	
779	-16593908.000000000	
780	-16593908.000000000	
781	-16591209.000000000	
782	-16592238.000000000	
783	-16591081.000000000	
784	-16593201.000000000	
785	-16591209.000000000	
786	-16590181.000000000	
787	-16591081.000000000	
788	-16591402.000000000	
789	-16593522.000000000	
790	-16593265.000000000	
791	-16591659.000000000	
792	-16589218.000000000	
793	-16589282.000000000	
794	-16590695.000000000	
795	-16592816.000000000	
796	-16592559.000000000	
797	-16594615.000000000	
798	-16595643.000000000	
799	-16594936.000000000	
800	-16597121.000000000	
801	-16594485.000000000	
802	-16593906.000000000	
803	-16592236.000000000	
804	-16591914.000000000	
805	-16588641.000000000	
806	-16587357.000000000	
807	-16589863.000000000	
808	-16589863.000000000	
809	-16588130.000000000	
810	-16589093.000000000	
811	-16591726.000000000	
812	-16592690.000000000	
813	-16589156.000000000	
814	-16585301.000000000	
815	-16584401.000000000	
816	-16584656.000000000	
817	-16589796.000000000	
818	-16585170.000000000	
819	-16587483.000000000	
820	-16588639.000000000	
821	-16590438.000000000	
822	-16592559.000000000	
823	-16592173.000000000	
824	-16593715.000000000	
825	-16591723.000000000	
826	-16592623.000000000	
827	-16592109.000000000	
828	-16588575.000000000	
829	-16588254.000000000	
830	-16587162.000000000	
831	-16589218.000000000	
832	-16589924.000000000	
833	-16583499.000000000	
834	-16580545.000000000	
835	-16586521.000000000	
836	-16590184.000000000	
837	-16592753.000000000	
838	-16589541.000000000	
839	-16590440.000000000	
840	-16589991.000000000	
841	-16593074.000000000	
842	-16597958.000000000	
843	-16596736.000000000	
844	-16594938.000000000	
845	-16594616.000000000	
846	-16594553.000000000	
847	-16597315.000000000	
848	-16597187.000000000	
849	-16597186.000000000	
850	-16594294.000000000	
851	-16591980.000000000	
852	-16589025.000000000	
853	-16588254.000000000	
854	-16589218.000000000	
855	-16591402.000000000	
856	-16592430.000000000	
857	-16594679.000000000	
858	-16595065.000000000	
859	-16592301.000000000	
860	-16590760.000000000	
861	-16592109.000000000	
862	-16592623.000000000	
863	-16596285.000000000	
864	-16587419.000000000	
865	-16591273.000000000	
866	-16589540.000000000	
867	-16593459.000000000	
868	-16594359.000000000	
869	-16593652.000000000	
870	-16593524.000000000	
871	-16589540.000000000	
872	-16592239.000000000	
873	-16596222.000000000	
874	-16601748.000000000	
875	-16602647.000000000	
876	-16600142.000000000	
877	-16595901.000000000	
878	-16593460.000000000	
879	-16590890.000000000	
880	-16587227.000000000	
881	-16590376.000000000	
882	-16588125.000000000	
883	-16585492.000000000	
884	-16583369.000000000	
885	-16582664.000000000	
886	-16583692.000000000	
887	-16586070.000000000	
888	-16590760.000000000	
889	-16589604.000000000	
890	-16587612.000000000	
891	-16587483.000000000	
892	-16587481.000000000	
893	-16588768.000000000	
894	-16588190.000000000	
895	-16586456.000000000	
896	-16585491.000000000	
897	-16582922.000000000	
898	-16590438.000000000	
899	-16592298.000000000	
900	-16597185.000000000	
901	-16595193.000000000	
902	-16590370.000000000	
903	-16586322.000000000	
904	-16584845.000000000	
905	-16588699.000000000	
906	-16592940.000000000	
907	-16593904.000000000	
908	-16593843.000000000	
909	-16591916.000000000	
910	-16588257.000000000	
911	-16585752.000000000	
912	-16582543.000000000	
913	-16590181.000000000	
914	-16593005.000000000	
915	-16593201.000000000	
916	-16592366.000000000	
917	-16591466.000000000	
918	-16590053.000000000	
919	-16590310.000000000	
920	-16590695.000000000	
921	-16589475.000000000	
922	-16592237.000000000	
923	-16592109.000000000	
924	-16593265.000000000	
925	-16596478.000000000	
926	-16595903.000000000	
927	-16597060.000000000	
928	-16591852.000000000	
929	-16592301.000000000	
930	-16587869.000000000	
931	-16587932.000000000	
932	-16587034.000000000	
933	-16587354.000000000	
934	-16586969.000000000	
935	-16587225.000000000	
936	-16588062.000000000	
937	-16592622.000000000	
938	-16594037.000000000	
939	-16592944.000000000	
940	-16591981.000000000	
941	-16593136.000000000	
942	-16594679.000000000	
943	-16594807.000000000	
944	-16589668.000000000	
945	-16590117.000000000	
946	-16592623.000000000	
947	-16593651.000000000	
948	-16594165.000000000	
949	-16592366.000000000	
950	-16588896.000000000	
951	-16589281.000000000	
952	-16592944.000000000	
953	-16592494.000000000	
954	-16594358.000000000	
955	-16595578.000000000	
956	-16597121.000000000	
957	-16596285.000000000	
958	-16592173.000000000	
959	-16588511.000000000	
960	-16590888.000000000	
961	-16594101.000000000	
962	-16598333.000000000	
963	-16595259.000000000	
964	-16593911.000000000	
965	-16592753.000000000	
966	-16594938.000000000	
967	-16596736.000000000	
968	-16597957.000000000	
969	-16596157.000000000	
970	-16592046.000000000	
971	-16592688.000000000	
972	-16592950.000000000	
973	-16593398.000000000	
974	-16591344.000000000	
975	-16585764.000000000	
976	-16585175.000000000	
977	-16589159.000000000	
978	-16589992.000000000	
979	-16587672.000000000	
980	-16585812.000000000	
981	-16586197.000000000	
982	-16587033.000000000	
983	-16590309.000000000	
984	-16590117.000000000	
985	-16595642.000000000	
986	-16593458.000000000	
987	-16592173.000000000	
988	-16591916.000000000	
989	-16592044.000000000	
990	-16595064.000000000	
991	-16594486.000000000	
992	-16593462.000000000	
993	-16591724.000000000	
994	-16594878.000000000	
995	-16596738.000000000	
996	-16597060.000000000	
997	-16595903.000000000	
998	-16594297.000000000	
999	-16595324.000000000	
1000	-16594682.000000000	
1001	-16588385.000000000	
1002	-16591211.000000000	
1003	-16591531.000000000	
1004	-16592046.000000000	
1005	-16592366.000000000	
1006	-16591085.000000000	
1007	-16590241.000000000	
1008	-16590050.000000000	
1009	-16591979.000000000	
1010	-16595129.000000000	
1011	-16597055.000000000	
1012	-16597764.000000000	
1013	-16596477.000000000	
1014	-16595579.000000000	
1015	-16594164.000000000	
1016	-16594615.000000000	
1017	-16590695.000000000	
1018	-16592495.000000000	
1019	-16590759.000000000	
1020	-16590054.000000000	
1021	-16588510.000000000	
1022	-16586905.000000000	
1023	-16585748.000000000	
1024	-16585299.000000000	
1025	-16590438.000000000	
1026	-16596092.000000000	
1027	-16597313.000000000	
1028	-16594807.000000000	
1029	-16591213.000000000	
1030	-16590635.000000000	
1031	-16591085.000000000	
1032	-16592113.000000000	
1033	-16592820.000000000	
1034	-16585174.000000000	
1035	-16585945.000000000	
1036	-16587676.000000000	
1037	-16591017.000000000	
1038	-16591595.000000000	
1039	-16594164.000000000	
1040	-16592237.000000000	
1041	-16594429.000000000	
1042	-16597512.000000000	
1043	-16597129.000000000	
1044	-16597450.000000000	
1045	-16597515.000000000	
1046	-16596423.000000000	
1047	-16590835.000000000	
1048	-16581133.000000000	
1049	-16582482.000000000	
1050	-16577342.000000000	
1051	-16578883.000000000	
1052	-16580167.000000000	
1053	-16580745.000000000	
1054	-16584085.000000000	
1055	-16585562.000000000	
1056	-16587260.000000000	
1057	-16582001.000000000	
1058	-16579613.000000000	
1059	-16578919.000000000	
1060	-16581874.000000000	
1061	-16580782.000000000	
1062	-16578794.000000000	
1063	-16577959.000000000	
1064	-16576802.000000000	
1065	-16582135.000000000	
1066	-16583870.000000000	
1067	-16582585.000000000	
1068	-16580593.000000000	
1069	-16580079.000000000	
1070	-16583292.000000000	
1071	-16586129.000000000	
1072	-16568311.000000000	
1073	-16540936.000000000	
1074	-16527796.000000000	
1075	-16535569.000000000	
1076	-16536855.000000000	
1077	-16532100.000000000	
1078	-16527225.000000000	
1079	-16524076.000000000	
1080	-16525361.000000000	
1081	-16525939.000000000	
1082	-16527553.000000000	
1083	-16526461.000000000	
1084	-16523378.000000000	
1085	-16520551.000000000	
1086	-16520558.000000000	
1087	-16512811.000000000	
1088	-16486139.000000000	
1089	-16449032.000000000	
1090	-16411078.000000000	
1091	-16379259.000000000	
1092	-16328610.000000000	
1093	-16203421.000000000	
1094	-15973853.000000000	
1095	-15422386.000000000	
1096	-14135884.000000000	
1097	-13020966.000000000	
1098	-11390047.000000000	
1099	-9345859.000000000	
1100	-6499691.000000000	
1101	-3610794.500000000	
1102	-1570765.750000000	
1103	-712634.375000000	
1104	-611389.250000000	
1105	-1083762.875000000	
1106	-1875337.375000000	
1107	-3033693.000000000	
1108	-5316197.000000000	
1109	-6285574.000000000	
1110	-7762392.000000000	
1111	-10272338.000000000	
1112	-13027593.000000000	
1113	-14673077.000000000	
1114	-15329573.000000000	
1115	-15522673.000000000	
1116	-15628869.000000000	
1117	-15699046.000000000	
1118	-15810675.000000000	
1119	-15958966.000000000	
1120	-16024783.000000000	
1121	-16066879.000000000	
1122	-16118818.000000000	
1123	-16144923.000000000	
1124	-16177040.000000000	
1125	-16208480.000000000	
1126	-16228702.000000000	
1127	-16230238.000000000	
1128	-16264195.000000000	
1129	-16302427.000000000	
1130	-16342365.000000000	
1131	-16364709.000000000	
1132	-16387559.000000000	
1133	-16400257.000000000	
1134	-16403258.000000000	
1135	-16408072.000000000	
1136	-16424550.000000000	
1137	-16441865.000000000	
1138	-16455536.000000000	
1139	-16460151.000000000	
1140	-16465151.000000000	
1141	-16466883.000000000	
1142	-16465466.000000000	
1143	-16463665.000000000	
1144	-16460319.000000000	
1145	-16462373.000000000	
1146	-16467307.000000000	
1147	-16467700.000000000	
1148	-16468729.000000000	
1149	-16468404.000000000	
1150	-16471806.000000000	
1151	-16471345.000000000	
1152	-16491649.000000000	
1153	-16515159.000000000	
1154	-16516438.000000000	
1155	-16513548.000000000	
1156	-16513355.000000000	
1157	-16521000.000000000	
1158	-16522801.000000000	
1159	-16520487.000000000	
1160	-16520166.000000000	
1161	-16512905.000000000	
1162	-16516374.000000000	
1163	-16518560.000000000	
1164	-16521837.000000000	
1165	-16522928.000000000	
1166	-16526077.000000000	
1167	-16526904.000000000	
1168	-16528393.000000000	
1169	-16532124.000000000	
1170	-16528075.000000000	
1171	-16525890.000000000	
1172	-16529232.000000000	
1173	-16533022.000000000	
1174	-16532834.000000000	
1175	-16533478.000000000	
1176	-16529431.000000000	
1177	-16528338.000000000	
1178	-16528789.000000000	
1179	-16532900.000000000	
1180	-16536307.000000000	
1181	-16535728.000000000	
1182	-16532006.000000000	
1183	-16527119.000000000	
1184	-16524879.000000000	
1185	-16532781.000000000	
1186	-16537501.000000000	
1187	-16542703.000000000	
1188	-16543476.000000000	
1189	-16543476.000000000	
1190	-16545345.000000000	
1191	-16541747.000000000	
1192	-16544383.000000000	
1193	-16539434.000000000	
1194	-16539114.000000000	
1195	-16539113.000000000	
1196	-16538344.000000000	
1197	-16538599.000000000	
1198	-16533975.000000000	
1199	-16532945.000000000	
1200	-16531471.000000000	
1201	-16544927.000000000	
1202	-16554716.000000000	
1203	-16554785.000000000	
1204	-16551842.000000000	
1205	-16547425.000000000	
1206	-16545121.000000000	
1207	-16541015.000000000	
1208	-16540365.000000000	
1209	-16548636.000000000	
1210	-16552724.000000000	
1211	-16559580.000000000	
1212	-16561939.000000000	
1213	-16564822.000000000	
1214	-16566693.000000000	
1215	-16565799.000000000	
1216	-16578422.000000000	
1217	-16586027.000000000	
1218	-16584981.000000000	
1219	-16583305.000000000	
1220	-16584140.000000000	
1221	-16583627.000000000	
1222	-16582213.000000000	
1223	-16581571.000000000	
1224	-16583241.000000000	
1225	-16585040.000000000	
1226	-16581699.000000000	
1227	-16580543.000000000	
1228	-16580285.000000000	
1229	-16580799.000000000	
1230	-16579764.000000000	
1231	-16580403.000000000	
1232	-16582036.000000000	
1233	-16581460.000000000	
1234	-16582295.000000000	
1235	-16582799.000000000	
1236	-16583383.000000000	
1237	-16582484.000000000	
1238	-16581456.000000000	
1239	-16581199.000000000	
1240	-16580115.000000000	
1241	-16580372.000000000	
1242	-16580436.000000000	
1243	-16578251.000000000	
1244	-16574983.000000000	
1245	-16575240.000000000	
1246	-16574918.000000000	
1247	-16579661.000000000	
1248	-16567170.000000000	
1249	-16565338.000000000	
1250	-16512721.000000000	
1251	-16458547.000000000	
1252	-16407013.000000000	
1253	-16368573.000000000	
1254	-16335419.000000000	
1255	-16205856.000000000	
1256	-15815237.000000000	
1257	-15075208.000000000	
1258	-13356477.000000000	
1259	-11672201.000000000	
1260	-9472697.000000000	
1261	-7138851.000000000	
1262	-4715437.000000000	
1263	-2576512.000000000	
1264	-1633002.375000000	
1265	-2063913.500000000	
1266	-3091903.250000000	
1267	-4753523.000000000	
1268	-6436054.500000000	
1269	-7778996.000000000	
1270	-9881887.000000000	
1271	-12616343.000000000	
1272	-14485693.000000000	
1273	-15432653.000000000	
1274	-15841846.000000000	
1275	-16004771.000000000	
1276	-16080243.000000000	
1277	-16148109.000000000	
1278	-16181152.000000000	
1279	-16182030.000000000	
1280	-16149304.000000000	
1281	-16100624.000000000	
1282	NaN	
