0	-13381369.000000000	
1	-13365217.000000000	
2	-13375221.000000000	
3	-13364375.000000000	
4	-13271839.000000000	
5	-13237625.000000000	
6	-13146358.000000000	
7	-13112389.000000000	
8	-13029214.000000000	
9	-13004010.000000000	
10	-12942740.000000000	
11	-12910454.000000000	
12	-12873487.000000000	
13	-12870495.000000000	
14	-12846607.000000000	
15	-12787831.000000000	
16	-12662162.000000000	
17	-12561546.000000000	
18	-12387564.000000000	
19	-12152400.000000000	
20	-11835467.000000000	
21	-11581553.000000000	
22	-11273353.000000000	
23	-11049375.000000000	
24	-10801977.000000000	
25	-10659399.000000000	
26	-10532927.000000000	
27	-10490840.000000000	
28	-10454437.000000000	
29	-10460999.000000000	
30	-10477446.000000000	
31	-10598003.000000000	
32	-10756805.000000000	
33	-10936109.000000000	
34	-11068201.000000000	
35	-11250095.000000000	
36	-11424896.000000000	
37	-11638282.000000000	
38	-11823274.000000000	
39	-12036837.000000000	
40	-12199252.000000000	
41	-12356432.000000000	
42	-12452116.000000000	
43	-12596524.000000000	
44	-12687959.000000000	
45	-12777117.000000000	
46	-12811847.000000000	
47	-12888384.000000000	
48	-13039739.000000000	
49	-13102298.000000000	
50	-13112057.000000000	
51	-13147259.000000000	
52	-13231485.000000000	
53	-13288815.000000000	
54	-13322938.000000000	
55	-13380548.000000000	
56	-13445309.000000000	
57	-13504490.000000000	
58	-13528108.000000000	
59	-13564382.000000000	
60	-13629567.000000000	
61	-13654121.000000000	
62	-13649592.000000000	
63	-13675521.000000000	
64	-13740139.000000000	
65	-13732753.000000000	
66	-13713972.000000000	
67	-13725054.000000000	
68	-13741267.000000000	
69	-13736214.000000000	
70	-13718354.000000000	
71	-13732060.000000000	
72	-13726193.000000000	
73	-13726359.000000000	
74	-13736811.000000000	
75	-13745720.000000000	
76	-13728540.000000000	
77	-13738006.000000000	
78	-13739045.000000000	
79	-13738665.000000000	
80	-13724432.000000000	
81	-13734092.000000000	
82	-13725336.000000000	
83	-13729608.000000000	
84	-13705738.000000000	
85	-13699887.000000000	
86	-13633809.000000000	
87	-13613217.000000000	
88	-13568487.000000000	
89	-13536097.000000000	
90	-13420366.000000000	
91	-13394843.000000000	
92	-13354133.000000000	
93	-13363141.000000000	
94	-13309574.000000000	
95	-13254924.000000000	
96	-13109869.000000000	
97	-13051003.000000000	
98	-13023616.000000000	
99	-13009367.000000000	
100	-12968678.000000000	
101	-12959808.000000000	
102	-12936997.000000000	
103	-12932228.000000000	
104	-12894297.000000000	
105	-12842311.000000000	
106	-12685969.000000000	
107	-12538933.000000000	
108	-12293229.000000000	
109	-12105496.000000000	
110	-11899695.000000000	
111	-11640888.000000000	
112	-11298989.000000000	
113	-11058902.000000000	
114	-10878658.000000000	
115	-10744351.000000000	
116	-10562262.000000000	
117	-10454313.000000000	
118	-10336910.000000000	
119	-10324997.000000000	
120	-10322844.000000000	
121	-10432006.000000000	
122	-10583213.000000000	
123	-10811942.000000000	
124	-11044193.000000000	
125	-11262040.000000000	
126	-11375615.000000000	
127	-11580881.000000000	
128	-11797620.000000000	
129	-11975321.000000000	
130	-12068147.000000000	
131	-12217263.000000000	
132	-12321074.000000000	
133	-12479515.000000000	
134	-12604195.000000000	
135	-12771527.000000000	
136	-12842066.000000000	
137	-12938250.000000000	
138	-13001140.000000000	
139	-13080774.000000000	
140	-13105421.000000000	
141	-13142773.000000000	
142	-13159758.000000000	
143	-13222405.000000000	
144	-13294881.000000000	
145	-13344958.000000000	
146	-13364110.000000000	
147	-13397684.000000000	
148	-13434589.000000000	
149	-13480808.000000000	
150	-13505934.000000000	
151	-13516266.000000000	
152	-13603252.000000000	
153	-13632313.000000000	
154	-13651096.000000000	
155	-13654696.000000000	
156	-13677131.000000000	
157	-13705138.000000000	
158	-13699742.000000000	
159	-13715180.000000000	
160	-13723842.000000000	
161	-13712676.000000000	
162	-13704157.000000000	
163	-13740464.000000000	
164	-13731158.000000000	
165	-13731412.000000000	
166	-13713746.000000000	
167	-13704187.000000000	
168	-13702384.000000000	
169	-13714225.000000000	
170	-13703320.000000000	
171	-13711175.000000000	
172	-13710316.000000000	
173	-13716649.000000000	
174	-13703654.000000000	
175	-13678961.000000000	
176	-13639863.000000000	
177	-13610039.000000000	
178	-13577673.000000000	
179	-13580720.000000000	
180	-13542739.000000000	
181	-13530541.000000000	
182	-13420152.000000000	
183	-13377658.000000000	
184	-13281574.000000000	
185	-13285335.000000000	
186	-13206368.000000000	
187	-13168166.000000000	
188	-13091991.000000000	
189	-13089258.000000000	
190	-13061915.000000000	
191	-13021832.000000000	
192	-12958656.000000000	
193	-12940338.000000000	
194	-12901983.000000000	
195	-12893865.000000000	
196	-12862301.000000000	
197	-12846828.000000000	
198	-12763708.000000000	
199	-12680513.000000000	
200	-12511457.000000000	
201	-12307005.000000000	
202	-12024651.000000000	
203	-11770283.000000000	
204	-11453093.000000000	
205	-11192870.000000000	
206	-10948742.000000000	
207	-10746520.000000000	
208	-10479938.000000000	
209	-10350980.000000000	
210	-10259516.000000000	
211	-10231852.000000000	
212	-10217276.000000000	
213	-10290478.000000000	
214	-10322361.000000000	
215	-10432872.000000000	
216	-10570577.000000000	
217	-10781970.000000000	
218	-10995505.000000000	
219	-11229925.000000000	
220	-11440792.000000000	
221	-11642720.000000000	
222	-11748048.000000000	
223	-11943869.000000000	
224	-12181409.000000000	
225	-12337010.000000000	
226	-12392734.000000000	
227	-12476161.000000000	
228	-12574423.000000000	
229	-12694173.000000000	
230	-12761304.000000000	
231	-12863169.000000000	
232	-12919801.000000000	
233	-13012823.000000000	
234	-13052613.000000000	
235	-13103930.000000000	
236	-13176145.000000000	
237	-13232854.000000000	
238	-13267576.000000000	
239	-13325653.000000000	
240	-13361618.000000000	
241	-13409136.000000000	
242	-13432347.000000000	
243	-13460500.000000000	
244	-13467197.000000000	
245	-13468611.000000000	
246	-13524779.000000000	
247	-13546226.000000000	
248	-13610929.000000000	
249	-13602730.000000000	
250	-13628126.000000000	
251	-13621757.000000000	
252	-13639492.000000000	
253	-13674700.000000000	
254	-13698866.000000000	
255	-13716904.000000000	
256	-13714123.000000000	
257	-13753936.000000000	
258	-13756289.000000000	
259	-13762061.000000000	
260	-13743844.000000000	
261	-13756003.000000000	
262	-13732619.000000000	
263	-13706647.000000000	
264	-13710917.000000000	
265	-13721089.000000000	
266	-13687941.000000000	
267	-13666788.000000000	
268	-13634221.000000000	
269	-13649751.000000000	
270	-13633858.000000000	
271	-13609331.000000000	
272	-13573273.000000000	
273	-13565436.000000000	
274	-13541860.000000000	
275	-13528428.000000000	
276	-13478464.000000000	
277	-13477779.000000000	
278	-13389010.000000000	
279	-13365998.000000000	
280	-13280397.000000000	
281	-13294470.000000000	
282	-13202747.000000000	
283	-13144518.000000000	
284	-13066320.000000000	
285	-13053158.000000000	
286	-13024926.000000000	
287	-13014529.000000000	
288	-12993389.000000000	
289	-12960934.000000000	
290	-12908867.000000000	
291	-12916426.000000000	
292	-12898122.000000000	
293	-12867603.000000000	
294	-12791252.000000000	
295	-12731162.000000000	
296	-12529535.000000000	
297	-12341951.000000000	
298	-12040448.000000000	
299	-11774502.000000000	
300	-11483095.000000000	
301	-11222198.000000000	
302	-10964191.000000000	
303	-10759865.000000000	
304	-10508444.000000000	
305	-10377135.000000000	
306	-10296147.000000000	
307	-10271017.000000000	
308	-10229018.000000000	
309	-10264566.000000000	
310	-10294279.000000000	
311	-10416741.000000000	
312	-10558130.000000000	
313	-10765395.000000000	
314	-10988965.000000000	
315	-11228851.000000000	
316	-11429191.000000000	
317	-11630941.000000000	
318	-11749720.000000000	
319	-11962198.000000000	
320	-12189744.000000000	
321	-12344616.000000000	
322	-12401229.000000000	
323	-12491697.000000000	
324	-12587639.000000000	
325	-12718446.000000000	
326	-12783275.000000000	
327	-12904595.000000000	
328	-12974262.000000000	
329	-13062092.000000000	
330	-13127118.000000000	
331	-13191119.000000000	
332	-13214062.000000000	
333	-13242369.000000000	
334	-13260133.000000000	
335	-13296986.000000000	
336	-13361378.000000000	
337	-13420527.000000000	
338	-13449716.000000000	
339	-13467213.000000000	
340	-13470495.000000000	
341	-13525312.000000000	
342	-13569908.000000000	
343	-13565357.000000000	
344	-13611703.000000000	
345	-13634631.000000000	
346	-13670710.000000000	
347	-13704567.000000000	
348	-13722790.000000000	
349	-13734122.000000000	
350	-13737858.000000000	
351	-13739719.000000000	
352	-13737918.000000000	
353	-13751996.000000000	
354	-13755139.000000000	
355	-13759756.000000000	
356	-13741998.000000000	
357	-13741518.000000000	
358	-13738449.000000000	
359	-13756281.000000000	
360	-13723992.000000000	
361	-13716820.000000000	
362	-13694591.000000000	
363	-13708644.000000000	
364	-13684060.000000000	
365	-13693469.000000000	
366	-13687173.000000000	
367	-13664733.000000000	
368	-13637058.000000000	
369	-13650253.000000000	
370	-13646592.000000000	
371	-13630366.000000000	
372	-13581720.000000000	
373	-13563158.000000000	
374	-13493350.000000000	
375	-13474271.000000000	
376	-13379199.000000000	
377	-13375358.000000000	
378	-13290400.000000000	
379	-13253682.000000000	
380	-13186939.000000000	
381	-13196010.000000000	
382	-13148275.000000000	
383	-13087013.000000000	
384	-13000260.000000000	
385	-12970578.000000000	
386	-12932577.000000000	
387	-12915470.000000000	
388	-12905599.000000000	
389	-12928860.000000000	
390	-12933691.000000000	
391	-12941811.000000000	
392	-12867669.000000000	
393	-12834772.000000000	
394	-12680195.000000000	
395	-12530605.000000000	
396	-12278889.000000000	
397	-12082773.000000000	
398	-11869808.000000000	
399	-11612696.000000000	
400	-11294450.000000000	
401	-11087097.000000000	
402	-10907402.000000000	
403	-10735539.000000000	
404	-10541930.000000000	
405	-10391291.000000000	
406	-10232850.000000000	
407	-10169588.000000000	
408	-10168639.000000000	
409	-10233054.000000000	
410	-10324603.000000000	
411	-10513301.000000000	
412	-10688868.000000000	
413	-10877520.000000000	
414	-10999266.000000000	
415	-11223355.000000000	
416	-11484132.000000000	
417	-11667523.000000000	
418	-11741873.000000000	
419	-11916292.000000000	
420	-12090962.000000000	
421	-12284525.000000000	
422	-12429393.000000000	
423	-12595652.000000000	
424	-12659409.000000000	
425	-12801081.000000000	
426	-12880986.000000000	
427	-12946934.000000000	
428	-12993968.000000000	
429	-13037385.000000000	
430	-13051941.000000000	
431	-13100633.000000000	
432	-13213108.000000000	
433	-13251479.000000000	
434	-13256457.000000000	
435	-13300968.000000000	
436	-13361273.000000000	
437	-13422660.000000000	
438	-13461723.000000000	
439	-13515295.000000000	
440	-13534736.000000000	
441	-13617012.000000000	
442	-13666360.000000000	
443	-13645682.000000000	
444	-13660511.000000000	
445	-13700077.000000000	
446	-13700548.000000000	
447	-13705343.000000000	
448	-13727171.000000000	
449	-13704301.000000000	
450	-13716766.000000000	
451	-13750055.000000000	
452	-13749172.000000000	
453	-13773887.000000000	
454	-13784460.000000000	
455	-13778454.000000000	
456	-13768510.000000000	
457	-13775877.000000000	
458	-13755106.000000000	
459	-13739262.000000000	
460	-13735930.000000000	
461	-13765822.000000000	
462	-13751391.000000000	
463	-13757134.000000000	
464	-13737675.000000000	
465	-13751080.000000000	
466	-13777114.000000000	
467	-13783783.000000000	
468	-13733941.000000000	
469	-13716476.000000000	
470	-13696602.000000000	
471	-13708243.000000000	
472	-13618651.000000000	
473	-13631539.000000000	
474	-13587486.000000000	
475	-13570354.000000000	
476	-13511564.000000000	
477	-13515253.000000000	
478	-13470005.000000000	
479	-13407094.000000000	
480	-13353204.000000000	
481	-13370164.000000000	
482	-13317268.000000000	
483	-13241753.000000000	
484	-13169208.000000000	
485	-13177466.000000000	
486	-13093435.000000000	
487	-13032777.000000000	
488	-12965985.000000000	
489	-12975611.000000000	
490	-12934755.000000000	
491	-12905333.000000000	
492	-12881566.000000000	
493	-12891207.000000000	
494	-12893730.000000000	
495	-12868562.000000000	
496	-12793911.000000000	
497	-12696514.000000000	
498	-12566003.000000000	
499	-12429337.000000000	
500	-12200851.000000000	
501	-11970926.000000000	
502	-11659440.000000000	
503	-11421739.000000000	
504	-11124449.000000000	
505	-10934197.000000000	
506	-10706529.000000000	
507	-10544124.000000000	
508	-10391767.000000000	
509	-10313134.000000000	
510	-10237020.000000000	
511	-10243331.000000000	
512	-10285412.000000000	
513	-10375523.000000000	
514	-10447555.000000000	
515	-10588791.000000000	
516	-10726692.000000000	
517	-10923252.000000000	
518	-11083391.000000000	
519	-11287163.000000000	
520	-11509242.000000000	
521	-11691913.000000000	
522	-11882769.000000000	
523	-12088431.000000000	
524	-12249543.000000000	
525	-12399364.000000000	
526	-12458925.000000000	
527	-12590236.000000000	
528	-12734024.000000000	
529	-12820317.000000000	
530	-12865885.000000000	
531	-12935532.000000000	
532	-13000304.000000000	
533	-13066527.000000000	
534	-13117644.000000000	
535	-13199796.000000000	
536	-13279537.000000000	
537	-13275352.000000000	
538	-13307161.000000000	
539	-13370741.000000000	
540	-13413252.000000000	
541	-13435576.000000000	
542	-13434761.000000000	
543	-13486735.000000000	
544	-13547400.000000000	
545	-13604556.000000000	
546	-13595149.000000000	
547	-13605013.000000000	
548	-13656278.000000000	
549	-13706347.000000000	
550	-13730899.000000000	
551	-13740842.000000000	
552	-13782983.000000000	
553	-13807120.000000000	
554	-13805060.000000000	
555	-13799277.000000000	
556	-13819029.000000000	
557	-13838258.000000000	
558	-13810494.000000000	
559	-13830683.000000000	
560	-13835950.000000000	
561	-13852285.000000000	
562	-13840348.000000000	
563	-13849105.000000000	
564	-13836913.000000000	
565	-13840101.000000000	
566	-13831881.000000000	
567	-13833981.000000000	
568	-13826666.000000000	
569	-13808276.000000000	
570	-13781688.000000000	
571	-13794489.000000000	
572	-13805583.000000000	
573	-13802109.000000000	
574	-13764427.000000000	
575	-13757661.000000000	
576	-13765506.000000000	
577	-13753351.000000000	
578	-13720706.000000000	
579	-13698478.000000000	
580	-13649111.000000000	
581	-13650897.000000000	
582	-13588724.000000000	
583	-13586722.000000000	
584	-13481041.000000000	
585	-13473579.000000000	
586	-13419545.000000000	
587	-13406028.000000000	
588	-13340429.000000000	
589	-13328414.000000000	
590	-13323744.000000000	
591	-13301791.000000000	
592	-13219160.000000000	
593	-13160678.000000000	
594	-13100611.000000000	
595	-13080485.000000000	
596	-13018450.000000000	
597	-13004147.000000000	
598	-12969611.000000000	
599	-12984257.000000000	
600	-12920898.000000000	
601	-12923267.000000000	
602	-12884534.000000000	
603	-12849655.000000000	
604	-12740070.000000000	
605	-12641102.000000000	
606	-12522068.000000000	
607	-12374165.000000000	
608	-12089151.000000000	
609	-11858286.000000000	
610	-11657498.000000000	
611	-11435139.000000000	
612	-11149600.000000000	
613	-10920631.000000000	
614	-10659004.000000000	
615	-10489848.000000000	
616	-10352642.000000000	
617	-10311593.000000000	
618	-10296082.000000000	
619	-10359721.000000000	
620	-10435469.000000000	
621	-10529512.000000000	
622	-10612662.000000000	
623	-10762403.000000000	
624	-10941055.000000000	
625	-11111601.000000000	
626	-11214308.000000000	
627	-11390420.000000000	
628	-11568796.000000000	
629	-11775842.000000000	
630	-11976469.000000000	
631	-12164966.000000000	
632	-12361759.000000000	
633	-12499455.000000000	
634	-12600220.000000000	
635	-12724115.000000000	
636	-12759844.000000000	
637	-12835765.000000000	
638	-12886988.000000000	
639	-12969035.000000000	
640	-13080695.000000000	
641	-13197927.000000000	
642	-13188828.000000000	
643	-13200009.000000000	
644	-13280669.000000000	
645	-13330574.000000000	
646	-13338847.000000000	
647	-13402166.000000000	
648	-13501562.000000000	
649	-13479576.000000000	
650	-13500800.000000000	
651	-13574395.000000000	
652	-13624499.000000000	
653	-13628642.000000000	
654	-13637852.000000000	
655	-13683261.000000000	
656	-13701583.000000000	
657	-13720132.000000000	
658	-13736929.000000000	
659	-13761475.000000000	
660	-13777207.000000000	
661	-13796200.000000000	
662	-13818174.000000000	
663	-13843825.000000000	
664	-13892371.000000000	
665	-13897517.000000000	
666	-13882778.000000000	
667	-13884161.000000000	
668	-13910730.000000000	
669	-13917125.000000000	
670	-13888410.000000000	
671	-13893535.000000000	
672	-13895614.000000000	
673	-13888679.000000000	
674	-13892132.000000000	
675	-13899536.000000000	
676	-13869793.000000000	
677	-13878683.000000000	
678	-13884282.000000000	
679	-13880016.000000000	
680	-13858417.000000000	
681	-13850947.000000000	
682	-13833557.000000000	
683	-13855979.000000000	
684	-13849843.000000000	
685	-13826394.000000000	
686	-13790763.000000000	
687	-13795144.000000000	
688	-13804838.000000000	
689	-13782493.000000000	
690	-13753529.000000000	
691	-13759841.000000000	
692	-13721693.000000000	
693	-13674453.000000000	
694	-13620858.000000000	
695	-13623282.000000000	
696	-13590811.000000000	
697	-13592610.000000000	
698	-13503228.000000000	
699	-13472020.000000000	
700	-13421788.000000000	
701	-13410006.000000000	
702	-13358420.000000000	
703	-13315475.000000000	
704	-13268170.000000000	
705	-13238599.000000000	
706	-13188790.000000000	
707	-13150299.000000000	
708	-13127154.000000000	
709	-13134108.000000000	
710	-13092303.000000000	
711	-13092011.000000000	
712	-13086403.000000000	
713	-13086723.000000000	
714	-13024691.000000000	
715	-12962575.000000000	
716	-12863483.000000000	
717	-12762068.000000000	
718	-12653094.000000000	
719	-12520398.000000000	
720	-12182242.000000000	
721	-11965399.000000000	
722	-11771537.000000000	
723	-11565577.000000000	
724	-11305830.000000000	
725	-11096269.000000000	
726	-10856154.000000000	
727	-10686038.000000000	
728	-10521042.000000000	
729	-10473294.000000000	
730	-10456087.000000000	
731	-10506766.000000000	
732	-10560586.000000000	
733	-10651034.000000000	
734	-10709192.000000000	
735	-10865250.000000000	
736	-11073560.000000000	
737	-11285429.000000000	
738	-11389946.000000000	
739	-11533351.000000000	
740	-11656169.000000000	
741	-11853240.000000000	
742	-12051244.000000000	
743	-12251354.000000000	
744	-12349769.000000000	
745	-12520923.000000000	
746	-12638362.000000000	
747	-12753441.000000000	
748	-12817135.000000000	
749	-12896571.000000000	
750	-12964113.000000000	
751	-13060881.000000000	
752	-13136446.000000000	
753	-13194257.000000000	
754	-13240673.000000000	
755	-13301208.000000000	
756	-13329534.000000000	
757	-13356543.000000000	
758	-13384577.000000000	
759	-13442418.000000000	
760	-13475834.000000000	
761	-13528097.000000000	
762	-13595090.000000000	
763	-13622168.000000000	
764	-13641484.000000000	
765	-13647673.000000000	
766	-13657268.000000000	
767	-13729470.000000000	
768	-13731549.000000000	
769	-13793533.000000000	
770	-13814939.000000000	
771	-13825893.000000000	
772	-13838678.000000000	
773	-13856305.000000000	
774	-13877649.000000000	
775	-13896014.000000000	
776	-13929533.000000000	
777	-13928228.000000000	
778	-13960134.000000000	
779	-13987989.000000000	
780	-13966453.000000000	
781	-13963601.000000000	
782	-13965692.000000000	
783	-13973137.000000000	
784	-13977694.000000000	
785	-13983443.000000000	
786	-13994181.000000000	
787	-13979506.000000000	
788	-13955574.000000000	
789	-13991262.000000000	
790	-13971814.000000000	
791	-13947225.000000000	
792	-13931401.000000000	
793	-13973312.000000000	
794	-13973236.000000000	
795	-13968181.000000000	
796	-13954094.000000000	
797	-13951766.000000000	
798	-13933209.000000000	
799	-13944365.000000000	
800	-13928319.000000000	
801	-13937998.000000000	
802	-13939912.000000000	
803	-13936425.000000000	
804	-13889881.000000000	
805	-13882239.000000000	
806	-13855272.000000000	
807	-13846432.000000000	
808	-13788624.000000000	
809	-13766946.000000000	
810	-13721083.000000000	
811	-13714549.000000000	
812	-13674873.000000000	
813	-13684206.000000000	
814	-13640783.000000000	
815	-13598802.000000000	
816	-13544297.000000000	
817	-13534156.000000000	
818	-13482579.000000000	
819	-13456736.000000000	
820	-13442994.000000000	
821	-13432698.000000000	
822	-13346352.000000000	
823	-13344956.000000000	
824	-13342265.000000000	
825	-13309950.000000000	
826	-13257393.000000000	
827	-13267166.000000000	
828	-13238802.000000000	
829	-13222232.000000000	
830	-13218165.000000000	
831	-13214833.000000000	
832	-13142722.000000000	
833	-13084293.000000000	
834	-12987712.000000000	
835	-12858288.000000000	
836	-12664320.000000000	
837	-12517423.000000000	
838	-12278606.000000000	
839	-12051204.000000000	
840	-11779827.000000000	
841	-11580009.000000000	
842	-11347327.000000000	
843	-11151701.000000000	
844	-10924930.000000000	
845	-10780093.000000000	
846	-10682052.000000000	
847	-10669315.000000000	
848	-10646703.000000000	
849	-10678775.000000000	
850	-10729370.000000000	
851	-10844144.000000000	
852	-10958024.000000000	
853	-11126994.000000000	
854	-11254875.000000000	
855	-11420759.000000000	
856	-11579734.000000000	
857	-11787769.000000000	
858	-11958385.000000000	
859	-12127979.000000000	
860	-12229374.000000000	
861	-12366796.000000000	
862	-12457674.000000000	
863	-12675295.000000000	
864	-12850899.000000000	
865	-12977025.000000000	
866	-13011713.000000000	
867	-13060584.000000000	
868	-13101139.000000000	
869	-13167167.000000000	
870	-13223035.000000000	
871	-13268503.000000000	
872	-13346583.000000000	
873	-13404458.000000000	
874	-13445529.000000000	
875	-13499058.000000000	
876	-13542453.000000000	
877	-13551131.000000000	
878	-13549733.000000000	
879	-13601110.000000000	
880	-13655167.000000000	
881	-13684168.000000000	
882	-13696572.000000000	
883	-13724186.000000000	
884	-13787897.000000000	
885	-13817760.000000000	
886	-13812944.000000000	
887	-13838029.000000000	
888	-13922605.000000000	
889	-13947277.000000000	
890	-13963336.000000000	
891	-13976065.000000000	
892	-13994287.000000000	
893	-14022165.000000000	
894	-14010307.000000000	
895	-14011762.000000000	
896	-14042989.000000000	
897	-14106074.000000000	
898	-14083547.000000000	
899	-14065244.000000000	
900	-14092746.000000000	
901	-14111454.000000000	
902	-14085690.000000000	
903	-14096560.000000000	
904	-14110684.000000000	
905	-14125347.000000000	
906	-14111927.000000000	
907	-14111861.000000000	
908	-14108897.000000000	
909	-14126632.000000000	
910	-14118324.000000000	
911	-14099600.000000000	
912	-14109131.000000000	
913	-14110003.000000000	
914	-14100051.000000000	
915	-14112402.000000000	
916	-14089400.000000000	
917	-14088925.000000000	
918	-14079257.000000000	
919	-14084189.000000000	
920	-14048665.000000000	
921	-14042912.000000000	
922	-14039804.000000000	
923	-14058458.000000000	
924	-14032892.000000000	
925	-14037869.000000000	
926	-14033388.000000000	
927	-14038966.000000000	
928	-14004592.000000000	
929	-14007483.000000000	
930	-13985009.000000000	
931	-13982671.000000000	
932	-13927728.000000000	
933	-13895207.000000000	
934	-13836838.000000000	
935	-13846630.000000000	
936	-13789652.000000000	
937	-13781575.000000000	
938	-13752972.000000000	
939	-13754289.000000000	
940	-13692645.000000000	
941	-13670117.000000000	
942	-13643058.000000000	
943	-13615159.000000000	
944	-13592410.000000000	
945	-13555019.000000000	
946	-13522194.000000000	
947	-13525744.000000000	
948	-13508181.000000000	
949	-13508173.000000000	
950	-13445262.000000000	
951	-13437561.000000000	
952	-13416972.000000000	
953	-13398374.000000000	
954	-13346177.000000000	
955	-13339926.000000000	
956	-13287507.000000000	
957	-13227368.000000000	
958	-13153051.000000000	
959	-13047379.000000000	
960	-12826145.000000000	
961	-12642109.000000000	
962	-12453415.000000000	
963	-12234871.000000000	
964	-11965552.000000000	
965	-11753504.000000000	
966	-11460723.000000000	
967	-11244531.000000000	
968	-11046510.000000000	
969	-10942881.000000000	
970	-10847593.000000000	
971	-10826479.000000000	
972	-10809095.000000000	
973	-10854125.000000000	
974	-10904478.000000000	
975	-11007577.000000000	
976	-11133031.000000000	
977	-11301526.000000000	
978	-11412429.000000000	
979	-11565501.000000000	
980	-11678636.000000000	
981	-11866430.000000000	
982	-12048730.000000000	
983	-12250816.000000000	
984	-12406458.000000000	
985	-12582297.000000000	
986	-12712325.000000000	
987	-12880474.000000000	
988	-12974147.000000000	
989	-13063679.000000000	
990	-13113056.000000000	
991	-13213316.000000000	
992	-13293413.000000000	
993	-13369218.000000000	
994	-13391031.000000000	
995	-13423143.000000000	
996	-13477844.000000000	
997	-13539879.000000000	
998	-13574582.000000000	
999	-13607091.000000000	
1000	-13676279.000000000	
1001	-13698122.000000000	
1002	-13733723.000000000	
1003	-13753325.000000000	
1004	-13789452.000000000	
1005	-13808752.000000000	
1006	-13818800.000000000	
1007	-13858139.000000000	
1008	-13897110.000000000	
1009	-13943161.000000000	
1010	-13962712.000000000	
1011	-13972410.000000000	
1012	-14013250.000000000	
1013	-14039120.000000000	
1014	-14063691.000000000	
1015	-14075420.000000000	
1016	-14102632.000000000	
1017	-14147499.000000000	
1018	-14182379.000000000	
1019	-14170835.000000000	
1020	-14183257.000000000	
1021	-14227454.000000000	
1022	-14247743.000000000	
1023	-14244973.000000000	
1024	-14231515.000000000	
1025	-14244489.000000000	
1026	-14254863.000000000	
1027	-14261978.000000000	
1028	-14234204.000000000	
1029	-14249276.000000000	
1030	-14279619.000000000	
1031	-14274222.000000000	
1032	-14267642.000000000	
1033	-14284950.000000000	
1034	-14299415.000000000	
1035	-14282307.000000000	
1036	-14261667.000000000	
1037	-14265918.000000000	
1038	-14263835.000000000	
1039	-14268436.000000000	
1040	-14252363.000000000	
1041	-14286932.000000000	
1042	-14278785.000000000	
1043	-14272474.000000000	
1044	-14266230.000000000	
1045	-14283908.000000000	
1046	-14260397.000000000	
1047	-14246721.000000000	
1048	-14248997.000000000	
1049	-14256145.000000000	
1050	-14222675.000000000	
1051	-14231322.000000000	
1052	-14225591.000000000	
1053	-14222598.000000000	
1054	-14207878.000000000	
1055	-14259547.000000000	
1056	-14204613.000000000	
1057	-14218533.000000000	
1058	-14213106.000000000	
1059	-14217983.000000000	
1060	-14176514.000000000	
1061	-14164135.000000000	
1062	-14092435.000000000	
1063	-14056710.000000000	
1064	-14030210.000000000	
1065	-14012862.000000000	
1066	-13977994.000000000	
1067	-13954506.000000000	
1068	-13881629.000000000	
1069	-13891129.000000000	
1070	-13899597.000000000	
1071	-13877064.000000000	
1072	-13787815.000000000	
1073	-13783843.000000000	
1074	-13795247.000000000	
1075	-13788756.000000000	
1076	-13739051.000000000	
1077	-13743624.000000000	
1078	-13721137.000000000	
1079	-13698841.000000000	
1080	-13672231.000000000	
1081	-13674490.000000000	
1082	-13630415.000000000	
1083	-13629179.000000000	
1084	-13614304.000000000	
1085	-13620763.000000000	
1086	-13611273.000000000	
1087	-13598121.000000000	
1088	-13527125.000000000	
1089	-13460105.000000000	
1090	-13333860.000000000	
1091	-13202312.000000000	
1092	-13011042.000000000	
1093	-12836362.000000000	
1094	-12567207.000000000	
1095	-12345758.000000000	
1096	-12115624.000000000	
1097	-11907029.000000000	
1098	-11664973.000000000	
1099	-11490769.000000000	
1100	-11328595.000000000	
1101	-11227022.000000000	
1102	-11107624.000000000	
1103	-11053179.000000000	
1104	-11029326.000000000	
1105	-11054505.000000000	
1106	-11119977.000000000	
1107	-11225820.000000000	
1108	-11315104.000000000	
1109	-11473572.000000000	
1110	-11623650.000000000	
1111	-11799955.000000000	
1112	-11956294.000000000	
1113	-12159037.000000000	
1114	-12335354.000000000	
1115	-12530688.000000000	
1116	-12667371.000000000	
1117	-12819808.000000000	
1118	-12909898.000000000	
1119	-13062076.000000000	
1120	-13234612.000000000	
1121	-13351790.000000000	
1122	-13401937.000000000	
1123	-13463394.000000000	
1124	-13507355.000000000	
1125	-13594445.000000000	
1126	-13663105.000000000	
1127	-13735175.000000000	
1128	-13773399.000000000	
1129	-13812898.000000000	
1130	-13841521.000000000	
1131	-13878821.000000000	
1132	-13910117.000000000	
1133	-13925921.000000000	
1134	-13916056.000000000	
1135	-13940801.000000000	
1136	-13978576.000000000	
1137	-14007256.000000000	
1138	-14028450.000000000	
1139	-14057999.000000000	
1140	-14099725.000000000	
1141	-14123982.000000000	
1142	-14130030.000000000	
1143	-14140309.000000000	
1144	-14216271.000000000	
1145	-14207997.000000000	
1146	-14255932.000000000	
1147	-14294245.000000000	
1148	-14292372.000000000	
1149	-14301099.000000000	
1150	-14310062.000000000	
1151	-14322693.000000000	
1152	-14342628.000000000	
1153	-14395063.000000000	
1154	-14410458.000000000	
1155	-14403578.000000000	
1156	-14391290.000000000	
1157	-14441927.000000000	
1158	-14476285.000000000	
1159	-14466894.000000000	
1160	-14467624.000000000	
1161	-14489881.000000000	
1162	-14480240.000000000	
1163	-14485344.000000000	
1164	-14502627.000000000	
1165	-14520367.000000000	
1166	-14486914.000000000	
1167	-14473541.000000000	
1168	-14482229.000000000	
1169	-14478453.000000000	
1170	-14461490.000000000	
1171	-14468824.000000000	
1172	-14475968.000000000	
1173	-14485869.000000000	
1174	-14488637.000000000	
1175	-14528956.000000000	
1176	-14450206.000000000	
1177	-14454472.000000000	
1178	-14487051.000000000	
1179	-14492353.000000000	
1180	-14468328.000000000	
1181	-14496432.000000000	
1182	-14491333.000000000	
1183	-14478202.000000000	
1184	-14433574.000000000	
1185	-14464323.000000000	
1186	-14474964.000000000	
1187	-14467176.000000000	
1188	-14451987.000000000	
1189	-14473192.000000000	
1190	-14452743.000000000	
1191	-14451934.000000000	
1192	-14444458.000000000	
1193	-14465446.000000000	
1194	-14442080.000000000	
1195	-14416566.000000000	
1196	-14403272.000000000	
1197	-14433066.000000000	
1198	-14424694.000000000	
1199	-14408460.000000000	
1200	-14389458.000000000	
1201	-14383275.000000000	
1202	-14348873.000000000	
1203	-14337621.000000000	
1204	-14282890.000000000	
1205	-14267531.000000000	
1206	-14203743.000000000	
1207	-14184431.000000000	
1208	-14144499.000000000	
1209	-14144752.000000000	
1210	-14124915.000000000	
1211	-14122965.000000000	
1212	-14101551.000000000	
1213	-14125463.000000000	
1214	-14124436.000000000	
1215	-14100260.000000000	
1216	-14041679.000000000	
1217	-14036975.000000000	
1218	-14042986.000000000	
1219	-14035506.000000000	
1220	-14003984.000000000	
1221	-14034808.000000000	
1222	-14018341.000000000	
1223	-13969178.000000000	
1224	-13955143.000000000	
1225	-13929186.000000000	
1226	-13889836.000000000	
1227	-13876156.000000000	
1228	-13816003.000000000	
1229	-13823293.000000000	
1230	-13793665.000000000	
1231	-13686433.000000000	
1232	-13506331.000000000	
1233	-13379206.000000000	
1234	-13237023.000000000	
1235	-13071114.000000000	
1236	-12840060.000000000	
1237	-12631295.000000000	
1238	-12377731.000000000	
1239	-12188870.000000000	
1240	-11981100.000000000	
1241	-11845358.000000000	
1242	-11707598.000000000	
1243	-11613900.000000000	
1244	-11526682.000000000	
1245	-11506310.000000000	
1246	-11460141.000000000	
1247	-11519708.000000000	
1248	-11670767.000000000	
1249	-11796304.000000000	
1250	-11880821.000000000	
1251	-11999513.000000000	
1252	-12080235.000000000	
1253	-12226207.000000000	
1254	-12361675.000000000	
1255	-12562498.000000000	
1256	-12747596.000000000	
1257	-12902592.000000000	
1258	-13037160.000000000	
1259	-13215993.000000000	
1260	-13321649.000000000	
1261	-13446516.000000000	
1262	-13522395.000000000	
1263	-13624613.000000000	
1264	-13767335.000000000	
1265	-13854493.000000000	
1266	-13849658.000000000	
1267	-13867175.000000000	
1268	-13940299.000000000	
1269	-14026588.000000000	
1270	-14054168.000000000	
1271	-14062714.000000000	
1272	-14120727.000000000	
1273	-14125935.000000000	
1274	-14145261.000000000	
1275	-14164078.000000000	
1276	-14169827.000000000	
1277	-14192305.000000000	
1278	-14178225.000000000	
1279	-14188049.000000000	
1280	NaN	
