0	-12389325.000000000	
1	-12172189.000000000	
2	-12043865.000000000	
3	-11972026.000000000	
4	-11923285.000000000	
5	-11887408.000000000	
6	-11869864.000000000	
7	-11898988.000000000	
8	-11945240.000000000	
9	-12021107.000000000	
10	-12151022.000000000	
11	-12221498.000000000	
12	-12283941.000000000	
13	-12370195.000000000	
14	-12458372.000000000	
15	-12553810.000000000	
16	-12621183.000000000	
17	-12687005.000000000	
18	-12750172.000000000	
19	-12800192.000000000	
20	-12842292.000000000	
21	-12860553.000000000	
22	-12875670.000000000	
23	-12885322.000000000	
24	-12899929.000000000	
25	-12924589.000000000	
26	-12944024.000000000	
27	-12962638.000000000	
28	-12992759.000000000	
29	-13008161.000000000	
30	-13019607.000000000	
31	-13047776.000000000	
32	-13068480.000000000	
33	-13058930.000000000	
34	-13083637.000000000	
35	-13118736.000000000	
36	-13131718.000000000	
37	-13150327.000000000	
38	-13182806.000000000	
39	-13206741.000000000	
40	-13197990.000000000	
41	-13159707.000000000	
42	-13100005.000000000	
43	-13033578.000000000	
44	-12969821.000000000	
45	-12867263.000000000	
46	-12756733.000000000	
47	-12643911.000000000	
48	-12526354.000000000	
49	-12413978.000000000	
50	-12308952.000000000	
51	-12253254.000000000	
52	-12179516.000000000	
53	-12123643.000000000	
54	-12054482.000000000	
55	-12026801.000000000	
56	-12030971.000000000	
57	-12082886.000000000	
58	-12138144.000000000	
59	-12189595.000000000	
60	-12241324.000000000	
61	-12336412.000000000	
62	-12422193.000000000	
63	-12504853.000000000	
64	-12586479.000000000	
65	-12680298.000000000	
66	-12759945.000000000	
67	-12833914.000000000	
68	-12894719.000000000	
69	-12958343.000000000	
70	-13022171.000000000	
71	-13061754.000000000	
72	-13097171.000000000	
73	-13146924.000000000	
74	-13166648.000000000	
75	-13205518.000000000	
76	-13231972.000000000	
77	-13244501.000000000	
78	-13252575.000000000	
79	-13261923.000000000	
80	-13254759.000000000	
81	-13241708.000000000	
82	-13208838.000000000	
83	-13162280.000000000	
84	-13089921.000000000	
85	-13002041.000000000	
86	-12907309.000000000	
87	-12810989.000000000	
88	-12682746.000000000	
89	-12556957.000000000	
90	-12411002.000000000	
91	-12303478.000000000	
92	-12217845.000000000	
93	-12118677.000000000	
94	-12051720.000000000	
95	-12008979.000000000	
96	-11981699.000000000	
97	-11973425.000000000	
98	-11992341.000000000	
99	-12029413.000000000	
100	-12093273.000000000	
101	-12166833.000000000	
102	-12214025.000000000	
103	-12290025.000000000	
104	-12374728.000000000	
105	-12458144.000000000	
106	-12545935.000000000	
107	-12611630.000000000	
108	-12670910.000000000	
109	-12723306.000000000	
110	-12776891.000000000	
111	-12818128.000000000	
112	-12840075.000000000	
113	-12859895.000000000	
114	-12860690.000000000	
115	-12864896.000000000	
116	-12877512.000000000	
117	-12897070.000000000	
118	-12898141.000000000	
119	-12911909.000000000	
120	-12930291.000000000	
121	-12964127.000000000	
122	-12977926.000000000	
123	-12984546.000000000	
124	-12994772.000000000	
125	-13021136.000000000	
126	-13054620.000000000	
127	-13079565.000000000	
128	-13073766.000000000	
129	-13085614.000000000	
130	-13115330.000000000	
131	-13100796.000000000	
132	-13097633.000000000	
133	-13076143.000000000	
134	-13009238.000000000	
135	-12930944.000000000	
136	-12848526.000000000	
137	-12755720.000000000	
138	-12649714.000000000	
139	-12528128.000000000	
140	-12406667.000000000	
141	-12313274.000000000	
142	-12191618.000000000	
143	-12111420.000000000	
144	-12031961.000000000	
145	-11977377.000000000	
146	-11964092.000000000	
147	-11953026.000000000	
148	-11948888.000000000	
149	-11974779.000000000	
150	-12026512.000000000	
151	-12086763.000000000	
152	-12155288.000000000	
153	-12215758.000000000	
154	-12298440.000000000	
155	-12400664.000000000	
156	-12479578.000000000	
157	-12552754.000000000	
158	-12643801.000000000	
159	-12722679.000000000	
160	-12807635.000000000	
161	-12884789.000000000	
162	-12958939.000000000	
163	-13012046.000000000	
164	-13056302.000000000	
165	-13094717.000000000	
166	-13123514.000000000	
167	-13127494.000000000	
168	-13158215.000000000	
169	-13176594.000000000	
170	-13199491.000000000	
171	-13197462.000000000	
172	-13190825.000000000	
173	-13194629.000000000	
174	-13182785.000000000	
175	-13149462.000000000	
176	-13082765.000000000	
177	-13001190.000000000	
178	-12885718.000000000	
179	-12791434.000000000	
180	-12663480.000000000	
181	-12536772.000000000	
182	-12407079.000000000	
183	-12285419.000000000	
184	-12181465.000000000	
185	-12086614.000000000	
186	-11989288.000000000	
187	-11923389.000000000	
188	-11873233.000000000	
189	-11865602.000000000	
190	-11858912.000000000	
191	-11864186.000000000	
192	-11902682.000000000	
193	-11965090.000000000	
194	-12041823.000000000	
195	-12108946.000000000	
196	-12195093.000000000	
197	-12286317.000000000	
198	-12367297.000000000	
199	-12451263.000000000	
200	-12528509.000000000	
201	-12617362.000000000	
202	-12672384.000000000	
203	-12705811.000000000	
204	-12725084.000000000	
205	-12762406.000000000	
206	-12790323.000000000	
207	-12809196.000000000	
208	-12827212.000000000	
209	-12830294.000000000	
210	-12824586.000000000	
211	-12834636.000000000	
212	-12843420.000000000	
213	-12866649.000000000	
214	-12882398.000000000	
215	-12883974.000000000	
216	-12897489.000000000	
217	-12933628.000000000	
218	-12957490.000000000	
219	-12975934.000000000	
220	-13003774.000000000	
221	-13038986.000000000	
222	-13062800.000000000	
223	-13083234.000000000	
224	-13076980.000000000	
225	-13075705.000000000	
226	-13057325.000000000	
227	-13025949.000000000	
228	-12970808.000000000	
229	-12906778.000000000	
230	-12815729.000000000	
231	-12719560.000000000	
232	-12600655.000000000	
233	-12472436.000000000	
234	-12336686.000000000	
235	-12233092.000000000	
236	-12119195.000000000	
237	-12006815.000000000	
238	-11913446.000000000	
239	-11851467.000000000	
240	-11817508.000000000	
241	-11788213.000000000	
242	-11796991.000000000	
243	-11840398.000000000	
244	-11893886.000000000	
245	-11947269.000000000	
246	-12002273.000000000	
247	-12073230.000000000	
248	-12145986.000000000	
249	-12215345.000000000	
250	-12301833.000000000	
251	-12390982.000000000	
252	-12483894.000000000	
253	-12563131.000000000	
254	-12630552.000000000	
255	-12705469.000000000	
256	-12796222.000000000	
257	-12875344.000000000	
258	-12931570.000000000	
259	-12967320.000000000	
260	-13005992.000000000	
261	-13032396.000000000	
262	-13067057.000000000	
263	-13099922.000000000	
264	-13119394.000000000	
265	-13123943.000000000	
266	-13130774.000000000	
267	-13148052.000000000	
268	-13167574.000000000	
269	-13148340.000000000	
270	-13119743.000000000	
271	-13088223.000000000	
272	-13016622.000000000	
273	-12933895.000000000	
274	-12825285.000000000	
275	-12694888.000000000	
276	-12566990.000000000	
277	-12426033.000000000	
278	-12277780.000000000	
279	-12132076.000000000	
280	-12023452.000000000	
281	-11948907.000000000	
282	-11850600.000000000	
283	-11784479.000000000	
284	-11735917.000000000	
285	-11698787.000000000	
286	-11711685.000000000	
287	-11746609.000000000	
288	-11789794.000000000	
289	-11835644.000000000	
290	-11913832.000000000	
291	-12004941.000000000	
292	-12090627.000000000	
293	-12192723.000000000	
294	-12281234.000000000	
295	-12367059.000000000	
296	-12428762.000000000	
297	-12510489.000000000	
298	-12575893.000000000	
299	-12627184.000000000	
300	-12685954.000000000	
301	-12723289.000000000	
302	-12732722.000000000	
303	-12755770.000000000	
304	-12806067.000000000	
305	-12782749.000000000	
306	-12789676.000000000	
307	-12803544.000000000	
308	-12809111.000000000	
309	-12821988.000000000	
310	-12832612.000000000	
311	-12851929.000000000	
312	-12870236.000000000	
313	-12902201.000000000	
314	-12909288.000000000	
315	-12911202.000000000	
316	-12938620.000000000	
317	-12956174.000000000	
318	-12973181.000000000	
319	-12982822.000000000	
320	-13009757.000000000	
321	-13037524.000000000	
322	-13031503.000000000	
323	-13033969.000000000	
324	-13024059.000000000	
325	-12975876.000000000	
326	-12926128.000000000	
327	-12859704.000000000	
328	-12769259.000000000	
329	-12662142.000000000	
330	-12544277.000000000	
331	-12404721.000000000	
332	-12264589.000000000	
333	-12158199.000000000	
334	-12013935.000000000	
335	-11907148.000000000	
336	-11809802.000000000	
337	-11743063.000000000	
338	-11711396.000000000	
339	-11726028.000000000	
340	-11752444.000000000	
341	-11784333.000000000	
342	-11836615.000000000	
343	-11900939.000000000	
344	-11966553.000000000	
345	-12039259.000000000	
346	-12129247.000000000	
347	-12210977.000000000	
348	-12272413.000000000	
349	-12335639.000000000	
350	-12414597.000000000	
351	-12519324.000000000	
352	-12600210.000000000	
353	-12682686.000000000	
354	-12774942.000000000	
355	-12852325.000000000	
356	-12902087.000000000	
357	-12953058.000000000	
358	-13010938.000000000	
359	-13043290.000000000	
360	-13071493.000000000	
361	-13072243.000000000	
362	-13079160.000000000	
363	-13106534.000000000	
364	-13121816.000000000	
365	-13138059.000000000	
366	-13148447.000000000	
367	-13148742.000000000	
368	-13135872.000000000	
369	-13101985.000000000	
370	-13066971.000000000	
371	-13020268.000000000	
372	-12935986.000000000	
373	-12852959.000000000	
374	-12736910.000000000	
375	-12618792.000000000	
376	-12478949.000000000	
377	-12339848.000000000	
378	-12192713.000000000	
379	-12058901.000000000	
380	-11941847.000000000	
381	-11850822.000000000	
382	-11772354.000000000	
383	-11713349.000000000	
384	-11672372.000000000	
385	-11657142.000000000	
386	-11661395.000000000	
387	-11709376.000000000	
388	-11775468.000000000	
389	-11841214.000000000	
390	-11907854.000000000	
391	-11997733.000000000	
392	-12086172.000000000	
393	-12167783.000000000	
394	-12247459.000000000	
395	-12318091.000000000	
396	-12417874.000000000	
397	-12475481.000000000	
398	-12540744.000000000	
399	-12608724.000000000	
400	-12643929.000000000	
401	-12692745.000000000	
402	-12738831.000000000	
403	-12756826.000000000	
404	-12778621.000000000	
405	-12771242.000000000	
406	-12776456.000000000	
407	-12792213.000000000	
408	-12786844.000000000	
409	-12792689.000000000	
410	-12818617.000000000	
411	-12838248.000000000	
412	-12846903.000000000	
413	-12880599.000000000	
414	-12905649.000000000	
415	-12918491.000000000	
416	-12923041.000000000	
417	-12936210.000000000	
418	-12962820.000000000	
419	-12975391.000000000	
420	-12986726.000000000	
421	-12999037.000000000	
422	-13018732.000000000	
423	-13031660.000000000	
424	-13043985.000000000	
425	-13026756.000000000	
426	-12999127.000000000	
427	-12952220.000000000	
428	-12876404.000000000	
429	-12783493.000000000	
430	-12674529.000000000	
431	-12559955.000000000	
432	-12432351.000000000	
433	-12277756.000000000	
434	-12140984.000000000	
435	-12010923.000000000	
436	-11904540.000000000	
437	-11822085.000000000	
438	-11755630.000000000	
439	-11709359.000000000	
440	-11673206.000000000	
441	-11657475.000000000	
442	-11673615.000000000	
443	-11718027.000000000	
444	-11786276.000000000	
445	-11833629.000000000	
446	-11902145.000000000	
447	-11996132.000000000	
448	-12115300.000000000	
449	-12219482.000000000	
450	-12307702.000000000	
451	-12375469.000000000	
452	-12434187.000000000	
453	-12512124.000000000	
454	-12571499.000000000	
455	-12658308.000000000	
456	-12753195.000000000	
457	-12818942.000000000	
458	-12872529.000000000	
459	-12927139.000000000	
460	-12979409.000000000	
461	-13006739.000000000	
462	-13037258.000000000	
463	-13081806.000000000	
464	-13102768.000000000	
465	-13118146.000000000	
466	-13103523.000000000	
467	-13114759.000000000	
468	-13125732.000000000	
469	-13147544.000000000	
470	-13147375.000000000	
471	-13155160.000000000	
472	-13126258.000000000	
473	-13105629.000000000	
474	-13029458.000000000	
475	-12968347.000000000	
476	-12853067.000000000	
477	-12736504.000000000	
478	-12602490.000000000	
479	-12463700.000000000	
480	-12284774.000000000	
481	-12128244.000000000	
482	-11965727.000000000	
483	-11880633.000000000	
484	-11785559.000000000	
485	-11714652.000000000	
486	-11653910.000000000	
487	-11603287.000000000	
488	-11576480.000000000	
489	-11601123.000000000	
490	-11626309.000000000	
491	-11687103.000000000	
492	-11748211.000000000	
493	-11822336.000000000	
494	-11902269.000000000	
495	-12014537.000000000	
496	-12133685.000000000	
497	-12230191.000000000	
498	-12288283.000000000	
499	-12349827.000000000	
500	-12448681.000000000	
501	-12535237.000000000	
502	-12598901.000000000	
503	-12639603.000000000	
504	-12706628.000000000	
505	-12741104.000000000	
506	-12758756.000000000	
507	-12775456.000000000	
508	-12782978.000000000	
509	-12790547.000000000	
510	-12775575.000000000	
511	-12790164.000000000	
512	-12794864.000000000	
513	-12800357.000000000	
514	-12834929.000000000	
515	-12880004.000000000	
516	-12896938.000000000	
517	-12910858.000000000	
518	-12917787.000000000	
519	-12937194.000000000	
520	-12958488.000000000	
521	-12953148.000000000	
522	-12955227.000000000	
523	-12964054.000000000	
524	-12979845.000000000	
525	-12999688.000000000	
526	-13022856.000000000	
527	-13041290.000000000	
528	-13042726.000000000	
529	-13063787.000000000	
530	-13062390.000000000	
531	-13032008.000000000	
532	-12999239.000000000	
533	-12920280.000000000	
534	-12840599.000000000	
535	-12746919.000000000	
536	-12635129.000000000	
537	-12479772.000000000	
538	-12322303.000000000	
539	-12188411.000000000	
540	-12088468.000000000	
541	-11961160.000000000	
542	-11828673.000000000	
543	-11744281.000000000	
544	-11690862.000000000	
545	-11664993.000000000	
546	-11672478.000000000	
547	-11701016.000000000	
548	-11715173.000000000	
549	-11752653.000000000	
550	-11825199.000000000	
551	-11893442.000000000	
552	-11980795.000000000	
553	-12056994.000000000	
554	-12148384.000000000	
555	-12249349.000000000	
556	-12344379.000000000	
557	-12442415.000000000	
558	-12514150.000000000	
559	-12608834.000000000	
560	-12693466.000000000	
561	-12772275.000000000	
562	-12826581.000000000	
563	-12866983.000000000	
564	-12933288.000000000	
565	-12991555.000000000	
566	-13032196.000000000	
567	-13039946.000000000	
568	-13070481.000000000	
569	-13103937.000000000	
570	-13123810.000000000	
571	-13159920.000000000	
572	-13151562.000000000	
573	-13166106.000000000	
574	-13194212.000000000	
575	-13202201.000000000	
576	-13208794.000000000	
577	-13208523.000000000	
578	-13189495.000000000	
579	-13178441.000000000	
580	-13170080.000000000	
581	-13111213.000000000	
582	-13005570.000000000	
583	-12909445.000000000	
584	-12787192.000000000	
585	-12649886.000000000	
586	-12481746.000000000	
587	-12318945.000000000	
588	-12161157.000000000	
589	-12036238.000000000	
590	-11907735.000000000	
591	-11798540.000000000	
592	-11729453.000000000	
593	-11659441.000000000	
594	-11629441.000000000	
595	-11633156.000000000	
596	-11646059.000000000	
597	-11658870.000000000	
598	-11706880.000000000	
599	-11775357.000000000	
600	-11842314.000000000	
601	-11902987.000000000	
602	-11983932.000000000	
603	-12070988.000000000	
604	-12149940.000000000	
605	-12252960.000000000	
606	-12321203.000000000	
607	-12415305.000000000	
608	-12504023.000000000	
609	-12600261.000000000	
610	-12671732.000000000	
611	-12708155.000000000	
612	-12748569.000000000	
613	-12793923.000000000	
614	-12795559.000000000	
615	-12806037.000000000	
616	-12822163.000000000	
617	-12834993.000000000	
618	-12822504.000000000	
619	-12839578.000000000	
620	-12847432.000000000	
621	-12860979.000000000	
622	-12874030.000000000	
623	-12873832.000000000	
624	-12903803.000000000	
625	-12928149.000000000	
626	-12932513.000000000	
627	-12944995.000000000	
628	-12949014.000000000	
629	-12990121.000000000	
630	-13023831.000000000	
631	-13028755.000000000	
632	-13040018.000000000	
633	-13058026.000000000	
634	-13063966.000000000	
635	-13112263.000000000	
636	-13140845.000000000	
637	-13149010.000000000	
638	-13145863.000000000	
639	-13133251.000000000	
640	-13122576.000000000	
641	-13096323.000000000	
642	-13039743.000000000	
643	-12944735.000000000	
644	-12810082.000000000	
645	-12710578.000000000	
646	-12584532.000000000	
647	-12425816.000000000	
648	-12267504.000000000	
649	-12122824.000000000	
650	-12019901.000000000	
651	-11906042.000000000	
652	-11822528.000000000	
653	-11755528.000000000	
654	-11706279.000000000	
655	-11695021.000000000	
656	-11689778.000000000	
657	-11690247.000000000	
658	-11745916.000000000	
659	-11807733.000000000	
660	-11857430.000000000	
661	-11942648.000000000	
662	-12029724.000000000	
663	-12110617.000000000	
664	-12207339.000000000	
665	-12329846.000000000	
666	-12419324.000000000	
667	-12488062.000000000	
668	-12586078.000000000	
669	-12655275.000000000	
670	-12742949.000000000	
671	-12814532.000000000	
672	-12888079.000000000	
673	-12972823.000000000	
674	-13020426.000000000	
675	-13073141.000000000	
676	-13106937.000000000	
677	-13128218.000000000	
678	-13147326.000000000	
679	-13171416.000000000	
680	-13196994.000000000	
681	-13190574.000000000	
682	-13206445.000000000	
683	-13216509.000000000	
684	-13241873.000000000	
685	-13259485.000000000	
686	-13267429.000000000	
687	-13274805.000000000	
688	-13262967.000000000	
689	-13268434.000000000	
690	-13263780.000000000	
691	-13227823.000000000	
692	-13205361.000000000	
693	-13123638.000000000	
694	-13030822.000000000	
695	-12927852.000000000	
696	-12790341.000000000	
697	-12662673.000000000	
698	-12530141.000000000	
699	-12375430.000000000	
700	-12211826.000000000	
701	-12083298.000000000	
702	-11969347.000000000	
703	-11869468.000000000	
704	-11769103.000000000	
705	-11697979.000000000	
706	-11661267.000000000	
707	-11680080.000000000	
708	-11717504.000000000	
709	-11766120.000000000	
710	-11810704.000000000	
711	-11860410.000000000	
712	-11921377.000000000	
713	-11990200.000000000	
714	-12091213.000000000	
715	-12192945.000000000	
716	-12287577.000000000	
717	-12358822.000000000	
718	-12449812.000000000	
719	-12535221.000000000	
720	-12627422.000000000	
721	-12725840.000000000	
722	-12794222.000000000	
723	-12826650.000000000	
724	-12872211.000000000	
725	-12924198.000000000	
726	-12947828.000000000	
727	-12945858.000000000	
728	-12952488.000000000	
729	-12953708.000000000	
730	-12952007.000000000	
731	-12966221.000000000	
732	-12955830.000000000	
733	-12938448.000000000	
734	-12951573.000000000	
735	-12963877.000000000	
736	-12960892.000000000	
737	-12991817.000000000	
738	-13019988.000000000	
739	-13031083.000000000	
740	-13045137.000000000	
741	-13077173.000000000	
742	-13106053.000000000	
743	-13121975.000000000	
744	-13130313.000000000	
745	-13154207.000000000	
746	-13171791.000000000	
747	-13187110.000000000	
748	-13196304.000000000	
749	-13220780.000000000	
750	-13249187.000000000	
751	-13273856.000000000	
752	-13286409.000000000	
753	-13258100.000000000	
754	-13236544.000000000	
755	-13188720.000000000	
756	-13141050.000000000	
757	-13045385.000000000	
758	-12934738.000000000	
759	-12817323.000000000	
760	-12707238.000000000	
761	-12573759.000000000	
762	-12413770.000000000	
763	-12256471.000000000	
764	-12118317.000000000	
765	-12005005.000000000	
766	-11905311.000000000	
767	-11822026.000000000	
768	-11740090.000000000	
769	-11711279.000000000	
770	-11698186.000000000	
771	-11729056.000000000	
772	-11781465.000000000	
773	-11845904.000000000	
774	-11898177.000000000	
775	-11966751.000000000	
776	-12049317.000000000	
777	-12162089.000000000	
778	-12259530.000000000	
779	-12350131.000000000	
780	-12452829.000000000	
781	-12540330.000000000	
782	-12613490.000000000	
783	-12708147.000000000	
784	-12800878.000000000	
785	-12862260.000000000	
786	-12921871.000000000	
787	-12990563.000000000	
788	-13053813.000000000	
789	-13114425.000000000	
790	-13148300.000000000	
791	-13196523.000000000	
792	-13228220.000000000	
793	-13261594.000000000	
794	-13292285.000000000	
795	-13294569.000000000	
796	-13315064.000000000	
797	-13337476.000000000	
798	-13337297.000000000	
799	-13336248.000000000	
800	-13370242.000000000	
801	-13380577.000000000	
802	-13396080.000000000	
803	-13415683.000000000	
804	-13425659.000000000	
805	-13415043.000000000	
806	-13396010.000000000	
807	-13386771.000000000	
808	-13349443.000000000	
809	-13280683.000000000	
810	-13191397.000000000	
811	-13092989.000000000	
812	-12973455.000000000	
813	-12833245.000000000	
814	-12675350.000000000	
815	-12534981.000000000	
816	-12388967.000000000	
817	-12239255.000000000	
818	-12127514.000000000	
819	-12038030.000000000	
820	-11955740.000000000	
821	-11896354.000000000	
822	-11842665.000000000	
823	-11824514.000000000	
824	-11830842.000000000	
825	-11842149.000000000	
826	-11861780.000000000	
827	-11925066.000000000	
828	-11989864.000000000	
829	-12079579.000000000	
830	-12163452.000000000	
831	-12254133.000000000	
832	-12369411.000000000	
833	-12453985.000000000	
834	-12544951.000000000	
835	-12636301.000000000	
836	-12729822.000000000	
837	-12810427.000000000	
838	-12850286.000000000	
839	-12923297.000000000	
840	-12997244.000000000	
841	-13062455.000000000	
842	-13106614.000000000	
843	-13142650.000000000	
844	-13152450.000000000	
845	-13167594.000000000	
846	-13166241.000000000	
847	-13174143.000000000	
848	-13156384.000000000	
849	-13165979.000000000	
850	-13144559.000000000	
851	-13149876.000000000	
852	-13156828.000000000	
853	-13179605.000000000	
854	-13182829.000000000	
855	-13193586.000000000	
856	-13192873.000000000	
857	-13208889.000000000	
858	-13211374.000000000	
859	-13219760.000000000	
860	-13225438.000000000	
861	-13236174.000000000	
862	-13270188.000000000	
863	-13270174.000000000	
864	-13251679.000000000	
865	-13267517.000000000	
866	-13305122.000000000	
867	-13336304.000000000	
868	-13359324.000000000	
869	-13377889.000000000	
870	-13414896.000000000	
871	-13442148.000000000	
872	-13441466.000000000	
873	-13426824.000000000	
874	-13367536.000000000	
875	-13320019.000000000	
876	-13245185.000000000	
877	-13156357.000000000	
878	-13022002.000000000	
879	-12908696.000000000	
880	-12789402.000000000	
881	-12635925.000000000	
882	-12488920.000000000	
883	-12359598.000000000	
884	-12238830.000000000	
885	-12149565.000000000	
886	-12059290.000000000	
887	-11979841.000000000	
888	-11931944.000000000	
889	-11893019.000000000	
890	-11889401.000000000	
891	-11912548.000000000	
892	-11947187.000000000	
893	-11987722.000000000	
894	-12066718.000000000	
895	-12138445.000000000	
896	-12211236.000000000	
897	-12311265.000000000	
898	-12408687.000000000	
899	-12512423.000000000	
900	-12597480.000000000	
901	-12672640.000000000	
902	-12756962.000000000	
903	-12832132.000000000	
904	-12906997.000000000	
905	-12993143.000000000	
906	-13069766.000000000	
907	-13133961.000000000	
908	-13193527.000000000	
909	-13255422.000000000	
910	-13325424.000000000	
911	-13365847.000000000	
912	-13388356.000000000	
913	-13430612.000000000	
914	-13465744.000000000	
915	-13475318.000000000	
916	-13509405.000000000	
917	-13534118.000000000	
918	-13512260.000000000	
919	-13501228.000000000	
920	-13521269.000000000	
921	-13516329.000000000	
922	-13533312.000000000	
923	-13562260.000000000	
924	-13568734.000000000	
925	-13565482.000000000	
926	-13571565.000000000	
927	-13576157.000000000	
928	-13556708.000000000	
929	-13532673.000000000	
930	-13482875.000000000	
931	-13437826.000000000	
932	-13365373.000000000	
933	-13284246.000000000	
934	-13166174.000000000	
935	-13069529.000000000	
936	-12961515.000000000	
937	-12805487.000000000	
938	-12655035.000000000	
939	-12522668.000000000	
940	-12395214.000000000	
941	-12296815.000000000	
942	-12198393.000000000	
943	-12111062.000000000	
944	-12064620.000000000	
945	-12049348.000000000	
946	-12019803.000000000	
947	-12014086.000000000	
948	-12043495.000000000	
949	-12077161.000000000	
950	-12105153.000000000	
951	-12157693.000000000	
952	-12216723.000000000	
953	-12308058.000000000	
954	-12404685.000000000	
955	-12490289.000000000	
956	-12600035.000000000	
957	-12694165.000000000	
958	-12785245.000000000	
959	-12865882.000000000	
960	-12947042.000000000	
961	-13027719.000000000	
962	-13110653.000000000	
963	-13172856.000000000	
964	-13200569.000000000	
965	-13238013.000000000	
966	-13267794.000000000	
967	-13310733.000000000	
968	-13342882.000000000	
969	-13351449.000000000	
970	-13373559.000000000	
971	-13387635.000000000	
972	-13390538.000000000	
973	-13378423.000000000	
974	-13393639.000000000	
975	-13416381.000000000	
976	-13396367.000000000	
977	-13371895.000000000	
978	-13369864.000000000	
979	-13379687.000000000	
980	-13386794.000000000	
981	-13415104.000000000	
982	-13411764.000000000	
983	-13430266.000000000	
984	-13435105.000000000	
985	-13461741.000000000	
986	-13484301.000000000	
987	-13480180.000000000	
988	-13483363.000000000	
989	-13500469.000000000	
990	-13496159.000000000	
991	-13481078.000000000	
992	-13513670.000000000	
993	-13539953.000000000	
994	-13536780.000000000	
995	-13563366.000000000	
996	-13581724.000000000	
997	-13585817.000000000	
998	-13600199.000000000	
999	-13594862.000000000	
1000	-13560508.000000000	
1001	-13545840.000000000	
1002	-13470506.000000000	
1003	-13376766.000000000	
1004	-13270349.000000000	
1005	-13158826.000000000	
1006	-13026254.000000000	
1007	-12899835.000000000	
1008	-12763303.000000000	
1009	-12636357.000000000	
1010	-12514528.000000000	
1011	-12420687.000000000	
1012	-12332097.000000000	
1013	-12279417.000000000	
1014	-12224050.000000000	
1015	-12190119.000000000	
1016	-12158397.000000000	
1017	-12161217.000000000	
1018	-12184275.000000000	
1019	-12223161.000000000	
1020	-12252463.000000000	
1021	-12324015.000000000	
1022	-12400580.000000000	
1023	-12493453.000000000	
1024	-12588312.000000000	
1025	-12680307.000000000	
1026	-12769823.000000000	
1027	-12845484.000000000	
1028	-12921034.000000000	
1029	-13004645.000000000	
1030	-13072788.000000000	
1031	-13130729.000000000	
1032	-13219893.000000000	
1033	-13305279.000000000	
1034	-13343360.000000000	
1035	-13421095.000000000	
1036	-13485188.000000000	
1037	-13536668.000000000	
1038	-13566392.000000000	
1039	-13620987.000000000	
1040	-13665255.000000000	
1041	-13673062.000000000	
1042	-13708741.000000000	
1043	-13743709.000000000	
1044	-13754202.000000000	
1045	-13771111.000000000	
1046	-13795985.000000000	
1047	-13788535.000000000	
1048	-13798190.000000000	
1049	-13803284.000000000	
1050	-13798054.000000000	
1051	-13797773.000000000	
1052	-13812563.000000000	
1053	-13813034.000000000	
1054	-13819459.000000000	
1055	-13827192.000000000	
1056	-13809561.000000000	
1057	-13813356.000000000	
1058	-13792188.000000000	
1059	-13772878.000000000	
1060	-13718069.000000000	
1061	-13638125.000000000	
1062	-13577983.000000000	
1063	-13506165.000000000	
1064	-13371675.000000000	
1065	-13277210.000000000	
1066	-13161154.000000000	
1067	-13024341.000000000	
1068	-12911567.000000000	
1069	-12813387.000000000	
1070	-12708245.000000000	
1071	-12606440.000000000	
1072	-12497252.000000000	
1073	-12433406.000000000	
1074	-12368631.000000000	
1075	-12351893.000000000	
1076	-12352897.000000000	
1077	-12361268.000000000	
1078	-12364075.000000000	
1079	-12373104.000000000	
1080	-12412728.000000000	
1081	-12489307.000000000	
1082	-12529728.000000000	
1083	-12592048.000000000	
1084	-12676215.000000000	
1085	-12757179.000000000	
1086	-12832191.000000000	
1087	-12939816.000000000	
1088	-13012995.000000000	
1089	-13097846.000000000	
1090	-13180317.000000000	
1091	-13238166.000000000	
1092	-13325504.000000000	
1093	-13386771.000000000	
1094	-13432827.000000000	
1095	-13498067.000000000	
1096	-13541342.000000000	
1097	-13584089.000000000	
1098	-13620074.000000000	
1099	-13620830.000000000	
1100	-13638697.000000000	
1101	-13665353.000000000	
1102	-13670481.000000000	
1103	-13659730.000000000	
1104	-13673023.000000000	
1105	-13686362.000000000	
1106	-13686410.000000000	
1107	-13672855.000000000	
1108	-13668766.000000000	
1109	-13668270.000000000	
1110	-13689605.000000000	
1111	-13711150.000000000	
1112	-13682557.000000000	
1113	-13677268.000000000	
1114	-13709851.000000000	
1115	-13711098.000000000	
1116	-13731690.000000000	
1117	-13743324.000000000	
1118	-13727248.000000000	
1119	-13748955.000000000	
1120	-13772804.000000000	
1121	-13778372.000000000	
1122	-13783683.000000000	
1123	-13808883.000000000	
1124	-13831337.000000000	
1125	-13809227.000000000	
1126	-13820538.000000000	
1127	-13840655.000000000	
1128	-13854422.000000000	
1129	-13851986.000000000	
1130	-13860233.000000000	
1131	-13861611.000000000	
1132	-13866887.000000000	
1133	-13865620.000000000	
1134	-13832136.000000000	
1135	-13801235.000000000	
1136	-13747426.000000000	
1137	-13674827.000000000	
1138	-13558895.000000000	
1139	-13469134.000000000	
1140	-13378093.000000000	
1141	-13269972.000000000	
1142	-13147679.000000000	
1143	-13040455.000000000	
1144	-12948405.000000000	
1145	-12863189.000000000	
1146	-12767000.000000000	
1147	-12701077.000000000	
1148	-12640283.000000000	
1149	-12608716.000000000	
1150	-12568756.000000000	
1151	-12570599.000000000	
1152	-12595296.000000000	
1153	-12619417.000000000	
1154	-12628224.000000000	
1155	-12674242.000000000	
1156	-12725570.000000000	
1157	-12790731.000000000	
1158	-12891417.000000000	
1159	-12972892.000000000	
1160	-13035018.000000000	
1161	-13102199.000000000	
1162	-13200930.000000000	
1163	-13280622.000000000	
1164	-13347361.000000000	
1165	-13425420.000000000	
1166	-13512322.000000000	
1167	-13575058.000000000	
1168	-13623447.000000000	
1169	-13688931.000000000	
1170	-13760786.000000000	
1171	-13795339.000000000	
1172	-13816241.000000000	
1173	-13838125.000000000	
1174	-13868343.000000000	
1175	-13900690.000000000	
1176	-13945406.000000000	
1177	-13958751.000000000	
1178	-14001077.000000000	
1179	-14029113.000000000	
1180	-14043279.000000000	
1181	-14054551.000000000	
1182	-14081914.000000000	
1183	-14099748.000000000	
1184	-14093709.000000000	
1185	-14090349.000000000	
1186	-14105392.000000000	
1187	-14101527.000000000	
1188	-14098225.000000000	
1189	-14088964.000000000	
1190	-14103575.000000000	
1191	-14123209.000000000	
1192	-14118349.000000000	
1193	-14127860.000000000	
1194	-14098852.000000000	
1195	-14098558.000000000	
1196	-14086409.000000000	
1197	-14068651.000000000	
1198	-14002803.000000000	
1199	-13924628.000000000	
1200	-13876114.000000000	
1201	-13804529.000000000	
1202	-13691247.000000000	
1203	-13600113.000000000	
1204	-13503331.000000000	
1205	-13417204.000000000	
1206	-13311870.000000000	
1207	-13225650.000000000	
1208	-13135019.000000000	
1209	-13036694.000000000	
1210	-12976088.000000000	
1211	-12911033.000000000	
1212	-12857596.000000000	
1213	-12821194.000000000	
1214	-12822688.000000000	
1215	-12820500.000000000	
1216	-12824237.000000000	
1217	-12866733.000000000	
1218	-12893343.000000000	
1219	-12942134.000000000	
1220	-13007669.000000000	
1221	-13064342.000000000	
1222	-13120010.000000000	
1223	-13177029.000000000	
1224	-13239823.000000000	
1225	-13306245.000000000	
1226	-13360999.000000000	
1227	-13420637.000000000	
1228	-13483318.000000000	
1229	-13539220.000000000	
1230	-13586838.000000000	
1231	-13669658.000000000	
1232	-13737510.000000000	
1233	-13782806.000000000	
1234	-13835384.000000000	
1235	-13903208.000000000	
1236	-13922875.000000000	
1237	-13953559.000000000	
1238	-13987038.000000000	
1239	-13994673.000000000	
1240	-14003442.000000000	
1241	-14007412.000000000	
1242	-14022912.000000000	
1243	-14036607.000000000	
1244	-14047718.000000000	
1245	-14018927.000000000	
1246	-14015407.000000000	
1247	-14030787.000000000	
1248	-14017474.000000000	
1249	-14016082.000000000	
1250	-14025036.000000000	
1251	-14010274.000000000	
1252	-14007963.000000000	
1253	-14024514.000000000	
1254	-14035845.000000000	
1255	-14052679.000000000	
1256	-14049943.000000000	
1257	-14075871.000000000	
1258	-14102755.000000000	
1259	-14128808.000000000	
1260	-14127356.000000000	
1261	-14136820.000000000	
1262	-14157421.000000000	
1263	-14168441.000000000	
1264	-14168726.000000000	
1265	-14160268.000000000	
1266	-14166328.000000000	
1267	-14193711.000000000	
1268	-14206141.000000000	
1269	-14201931.000000000	
1270	-14208678.000000000	
1271	-14201965.000000000	
1272	-14211344.000000000	
1273	-14230618.000000000	
1274	-14189262.000000000	
1275	-14167253.000000000	
1276	-14150055.000000000	
1277	-14138847.000000000	
1278	-14114176.000000000	
1279	-14078033.000000000	
1280	-13974111.000000000	
1281	-13843605.000000000	
1282	-13698041.000000000	
1283	-13559828.000000000	
1284	-13420396.000000000	
1285	-13343662.000000000	
1286	-13237312.000000000	
1287	-13188096.000000000	
1288	-13202197.000000000	
1289	-13288360.000000000	
1290	-13282672.000000000	
1291	NaN	
