Record Length	2500	Points	0.09356	0.06		Record Length	2500	Points	0.09356	46	
Sample Interval	4e-006	s	0.093564	0.068		Sample Interval	4e-006	s	0.093564	46	
Trigger Point	-23389.998882	Samples	0.093568	0.06		Trigger Point	-23389.998882	Samples	0.093568	46	
			0.093572	0.072					0.093572	46	
			0.093576	0.068					0.093576	46	
			0.09358	0.068					0.09358	46	
Source	CH2		0.093584	0.068		Source	CH4		0.093584	46	
Vertical Units	Volts		0.093588	0.072		Vertical Units	Volts		0.093588	46	
Vertical Scale	100.0000047E-3		0.093592	0.072		Vertical Scale	50.00000000		0.093592	46	
Vertical Offset	0		0.093596	0.072		Vertical Offset	0		0.093596	46	
Horizontal Units	s		0.0936	0.076		Horizontal Units	s		0.0936	44	
Horizontal Scale	1.000000E-3		0.093604	0.08		Horizontal Scale	1.000000E-3		0.093604	44	
Pt Fmt	Y		0.093608	0.084		Pt Fmt	Y		0.093608	46	
Yzero	-1.1200000		0.093612	0.08		Yzero	0.0		0.093612	46	
Probe Atten	10.000000		0.093616	0.084		Probe Atten	10.000000		0.093616	46	
			0.09362	0.08					0.09362	46	
Note	TBS 1104 - 3:26:08 PM   8/13/2018		0.093624	0.088		Note	TBS 1104 - 3:26:08 PM   8/13/2018		0.093624	46	
			0.093628	0.08					0.093628	46	
			0.093632	0.092					0.093632	46	
			0.093636	0.096					0.093636	46	
			0.09364	0.088					0.09364	44	
			0.093644	0.092					0.093644	44	
			0.093648	0.096					0.093648	46	
			0.093652	0.104					0.093652	44	
			0.093656	0.1					0.093656	46	
			0.09366	0.096					0.09366	46	
			0.093664	0.1					0.093664	46	
			0.093668	0.1					0.093668	44	
			0.093672	0.108					0.093672	46	
			0.093676	0.104					0.093676	44	
			0.09368	0.1					0.09368	44	
			0.093684	0.116					0.093684	44	
			0.093688	0.108					0.093688	44	
			0.093692	0.108					0.093692	44	
			0.093696	0.108					0.093696	44	
			0.0937	0.108					0.0937	46	
			0.093704	0.112					0.093704	44	
			0.093708	0.12					0.093708	46	
			0.093712	0.116					0.093712	46	
			0.093716	0.12					0.093716	44	
			0.09372	0.124					0.09372	44	
			0.093724	0.124					0.093724	46	
			0.093728	0.136					0.093728	44	
			0.093732	0.136					0.093732	44	
			0.093736	0.14					0.093736	46	
			0.09374	0.14					0.09374	44	
			0.093744	0.136					0.093744	44	
			0.093748	0.136					0.093748	44	
			0.093752	0.156					0.093752	44	
			0.093756	0.152					0.093756	44	
			0.09376	0.152					0.09376	44	
			0.093764	0.144					0.093764	44	
			0.093768	0.156					0.093768	44	
			0.093772	0.164					0.093772	44	
			0.093776	0.16					0.093776	44	
			0.09378	0.176					0.09378	44	
			0.093784	0.176					0.093784	44	
			0.093788	0.18					0.093788	44	
			0.093792	0.18					0.093792	44	
			0.093796	0.188					0.093796	44	
			0.0938	0.176					0.0938	44	
			0.093804	0.192					0.093804	44	
			0.093808	0.2					0.093808	44	
			0.093812	0.208					0.093812	44	
			0.093816	0.208					0.093816	44	
			0.09382	0.196					0.09382	44	
			0.093824	0.204					0.093824	44	
			0.093828	0.22					0.093828	44	
			0.093832	0.22					0.093832	44	
			0.093836	0.216					0.093836	44	
			0.09384	0.224					0.09384	44	
			0.093844	0.228					0.093844	44	
			0.093848	0.232					0.093848	44	
			0.093852	0.248					0.093852	44	
			0.093856	0.24					0.093856	44	
			0.09386	0.252					0.09386	44	
			0.093864	0.268					0.093864	44	
			0.093868	0.272					0.093868	44	
			0.093872	0.268					0.093872	44	
			0.093876	0.26					0.093876	44	
			0.09388	0.264					0.09388	44	
			0.093884	0.276					0.093884	44	
			0.093888	0.264					0.093888	44	
			0.093892	0.268					0.093892	44	
			0.093896	0.276					0.093896	44	
			0.0939	0.272					0.0939	44	
			0.093904	0.292					0.093904	44	
			0.093908	0.276					0.093908	44	
			0.093912	0.276					0.093912	44	
			0.093916	0.292					0.093916	44	
			0.09392	0.28					0.09392	44	
			0.093924	0.288					0.093924	44	
			0.093928	0.288					0.093928	44	
			0.093932	0.288					0.093932	44	
			0.093936	0.296					0.093936	42	
			0.09394	0.292					0.09394	44	
			0.093944	0.288					0.093944	44	
			0.093948	0.3					0.093948	44	
			0.093952	0.288					0.093952	44	
			0.093956	0.3					0.093956	44	
			0.09396	0.292					0.09396	44	
			0.093964	0.292					0.093964	44	
			0.093968	0.288					0.093968	44	
			0.093972	0.3					0.093972	44	
			0.093976	0.296					0.093976	44	
			0.09398	0.288					0.09398	44	
			0.093984	0.292					0.093984	42	
			0.093988	0.288					0.093988	44	
			0.093992	0.304					0.093992	44	
			0.093996	0.296					0.093996	44	
			0.094	0.288					0.094	44	
			0.094004	0.284					0.094004	44	
			0.094008	0.284					0.094008	44	
			0.094012	0.284					0.094012	42	
			0.094016	0.292					0.094016	42	
			0.09402	0.292					0.09402	44	
			0.094024	0.272					0.094024	44	
			0.094028	0.288					0.094028	44	
			0.094032	0.276					0.094032	44	
			0.094036	0.28					0.094036	44	
			0.09404	0.272					0.09404	42	
			0.094044	0.288					0.094044	44	
			0.094048	0.276					0.094048	42	
			0.094052	0.268					0.094052	44	
			0.094056	0.272					0.094056	42	
			0.09406	0.276					0.09406	42	
			0.094064	0.276					0.094064	42	
			0.094068	0.256					0.094068	42	
			0.094072	0.276					0.094072	42	
			0.094076	0.28					0.094076	44	
			0.09408	0.276					0.09408	42	
			0.094084	0.264					0.094084	42	
			0.094088	0.264					0.094088	42	
			0.094092	0.276					0.094092	42	
			0.094096	0.268					0.094096	42	
			0.0941	0.28					0.0941	42	
			0.094104	0.276					0.094104	42	
			0.094108	0.288					0.094108	42	
			0.094112	0.292					0.094112	42	
			0.094116	0.28					0.094116	42	
			0.09412	0.276					0.09412	44	
			0.094124	0.284					0.094124	42	
			0.094128	0.272					0.094128	42	
			0.094132	0.284					0.094132	42	
			0.094136	0.276					0.094136	42	
			0.09414	0.292					0.09414	42	
			0.094144	0.288					0.094144	42	
			0.094148	0.288					0.094148	42	
			0.094152	0.284					0.094152	42	
			0.094156	0.288					0.094156	42	
			0.09416	0.296					0.09416	42	
			0.094164	0.292					0.094164	42	
			0.094168	0.292					0.094168	42	
			0.094172	0.292					0.094172	42	
			0.094176	0.3					0.094176	42	
			0.09418	0.304					0.09418	42	
			0.094184	0.292					0.094184	42	
			0.094188	0.304					0.094188	42	
			0.094192	0.292					0.094192	42	
			0.094196	0.292					0.094196	42	
			0.0942	0.308					0.0942	42	
			0.094204	0.304					0.094204	42	
			0.094208	0.304					0.094208	42	
			0.094212	0.3					0.094212	42	
			0.094216	0.296					0.094216	42	
			0.09422	0.28					0.09422	42	
			0.094224	0.3					0.094224	42	
			0.094228	0.3					0.094228	42	
			0.094232	0.284					0.094232	42	
			0.094236	0.292					0.094236	42	
			0.09424	0.292					0.09424	42	
			0.094244	0.296					0.094244	42	
			0.094248	0.28					0.094248	42	
			0.094252	0.3					0.094252	42	
			0.094256	0.288					0.094256	42	
			0.09426	0.292					0.09426	42	
			0.094264	0.292					0.094264	42	
			0.094268	0.292					0.094268	42	
			0.094272	0.288					0.094272	40	
			0.094276	0.288					0.094276	42	
			0.09428	0.292					0.09428	42	
			0.094284	0.284					0.094284	42	
			0.094288	0.284					0.094288	42	
			0.094292	0.284					0.094292	42	
			0.094296	0.288					0.094296	40	
			0.0943	0.284					0.0943	40	
			0.094304	0.28					0.094304	42	
			0.094308	0.292					0.094308	42	
			0.094312	0.288					0.094312	42	
			0.094316	0.296					0.094316	42	
			0.09432	0.3					0.09432	42	
			0.094324	0.284					0.094324	40	
			0.094328	0.292					0.094328	40	
			0.094332	0.3					0.094332	40	
			0.094336	0.292					0.094336	40	
			0.09434	0.292					0.09434	42	
			0.094344	0.296					0.094344	42	
			0.094348	0.296					0.094348	42	
			0.094352	0.304					0.094352	42	
			0.094356	0.3					0.094356	40	
			0.09436	0.296					0.09436	40	
			0.094364	0.316					0.094364	42	
			0.094368	0.304					0.094368	40	
			0.094372	0.316					0.094372	40	
			0.094376	0.312					0.094376	42	
			0.09438	0.32					0.09438	40	
			0.094384	0.332					0.094384	42	
			0.094388	0.312					0.094388	40	
			0.094392	0.32					0.094392	40	
			0.094396	0.316					0.094396	42	
			0.0944	0.32					0.0944	38	
			0.094404	0.316					0.094404	42	
			0.094408	0.328					0.094408	40	
			0.094412	0.312					0.094412	42	
			0.094416	0.32					0.094416	40	
			0.09442	0.32					0.09442	40	
			0.094424	0.312					0.094424	40	
			0.094428	0.316					0.094428	42	
			0.094432	0.324					0.094432	40	
			0.094436	0.32					0.094436	40	
			0.09444	0.336					0.09444	42	
			0.094444	0.328					0.094444	40	
			0.094448	0.32					0.094448	40	
			0.094452	0.316					0.094452	40	
			0.094456	0.324					0.094456	40	
			0.09446	0.328					0.09446	40	
			0.094464	0.324					0.094464	40	
			0.094468	0.32					0.094468	40	
			0.094472	0.316					0.094472	40	
			0.094476	0.308					0.094476	40	
			0.09448	0.312					0.09448	40	
			0.094484	0.304					0.094484	40	
			0.094488	0.308					0.094488	40	
			0.094492	0.3					0.094492	40	
			0.094496	0.3					0.094496	40	
			0.0945	0.3					0.0945	40	
			0.094504	0.288					0.094504	40	
			0.094508	0.292					0.094508	38	
			0.094512	0.292					0.094512	40	
			0.094516	0.296					0.094516	40	
			0.09452	0.288					0.09452	40	
			0.094524	0.284					0.094524	40	
			0.094528	0.276					0.094528	40	
			0.094532	0.272					0.094532	38	
			0.094536	0.284					0.094536	40	
			0.09454	0.264					0.09454	40	
			0.094544	0.28					0.094544	38	
			0.094548	0.268					0.094548	40	
			0.094552	0.252					0.094552	40	
			0.094556	0.248					0.094556	40	
			0.09456	0.24					0.09456	38	
			0.094564	0.244					0.094564	38	
			0.094568	0.236					0.094568	40	
			0.094572	0.236					0.094572	38	
			0.094576	0.224					0.094576	40	
			0.09458	0.228					0.09458	40	
			0.094584	0.232					0.094584	38	
			0.094588	0.232					0.094588	38	
			0.094592	0.228					0.094592	38	
			0.094596	0.208					0.094596	38	
			0.0946	0.216					0.0946	38	
			0.094604	0.208					0.094604	40	
			0.094608	0.204					0.094608	40	
			0.094612	0.208					0.094612	38	
			0.094616	0.208					0.094616	38	
			0.09462	0.204					0.09462	40	
			0.094624	0.2					0.094624	40	
			0.094628	0.196					0.094628	38	
			0.094632	0.192					0.094632	40	
			0.094636	0.184					0.094636	40	
			0.09464	0.184					0.09464	38	
			0.094644	0.184					0.094644	38	
			0.094648	0.188					0.094648	38	
			0.094652	0.184					0.094652	40	
			0.094656	0.188					0.094656	40	
			0.09466	0.18					0.09466	38	
			0.094664	0.188					0.094664	38	
			0.094668	0.188					0.094668	38	
			0.094672	0.18					0.094672	38	
			0.094676	0.18					0.094676	38	
			0.09468	0.18					0.09468	38	
			0.094684	0.18					0.094684	38	
			0.094688	0.184					0.094688	38	
			0.094692	0.176					0.094692	38	
			0.094696	0.176					0.094696	38	
			0.0947	0.172					0.0947	38	
			0.094704	0.168					0.094704	38	
			0.094708	0.172					0.094708	38	
			0.094712	0.172					0.094712	40	
			0.094716	0.176					0.094716	38	
			0.09472	0.164					0.09472	38	
			0.094724	0.164					0.094724	38	
			0.094728	0.152					0.094728	38	
			0.094732	0.156					0.094732	38	
			0.094736	0.164					0.094736	38	
			0.09474	0.156					0.09474	38	
			0.094744	0.152					0.094744	38	
			0.094748	0.152					0.094748	38	
			0.094752	0.148					0.094752	38	
			0.094756	0.144					0.094756	38	
			0.09476	0.14					0.09476	38	
			0.094764	0.144					0.094764	38	
			0.094768	0.144					0.094768	38	
			0.094772	0.14					0.094772	38	
			0.094776	0.136					0.094776	38	
			0.09478	0.144					0.09478	38	
			0.094784	0.14					0.094784	38	
			0.094788	0.136					0.094788	38	
			0.094792	0.136					0.094792	38	
			0.094796	0.132					0.094796	38	
			0.0948	0.132					0.0948	38	
			0.094804	0.124					0.094804	38	
			0.094808	0.124					0.094808	38	
			0.094812	0.128					0.094812	38	
			0.094816	0.12					0.094816	38	
			0.09482	0.12					0.09482	38	
			0.094824	0.112					0.094824	38	
			0.094828	0.116					0.094828	38	
			0.094832	0.108					0.094832	38	
			0.094836	0.108					0.094836	38	
			0.09484	0.108					0.09484	38	
			0.094844	0.108					0.094844	38	
			0.094848	0.108					0.094848	38	
			0.094852	0.108					0.094852	38	
			0.094856	0.112					0.094856	38	
			0.09486	0.1					0.09486	38	
			0.094864	0.104					0.094864	38	
			0.094868	0.108					0.094868	38	
			0.094872	0.104					0.094872	38	
			0.094876	0.104					0.094876	38	
			0.09488	0.096					0.09488	38	
			0.094884	0.104					0.094884	38	
			0.094888	0.092					0.094888	36	
			0.094892	0.096					0.094892	38	
			0.094896	0.084					0.094896	38	
			0.0949	0.096					0.0949	36	
			0.094904	0.092					0.094904	38	
			0.094908	0.092					0.094908	38	
			0.094912	0.092					0.094912	38	
			0.094916	0.084					0.094916	38	
			0.09492	0.072					0.09492	36	
			0.094924	0.088					0.094924	38	
			0.094928	0.084					0.094928	38	
			0.094932	0.076					0.094932	38	
			0.094936	0.088					0.094936	36	
			0.09494	0.076					0.09494	38	
			0.094944	0.084					0.094944	36	
			0.094948	0.088					0.094948	36	
			0.094952	0.08					0.094952	38	
			0.094956	0.076					0.094956	36	
			0.09496	0.08					0.09496	36	
			0.094964	0.076					0.094964	38	
			0.094968	0.076					0.094968	36	
			0.094972	0.072					0.094972	38	
			0.094976	0.076					0.094976	36	
			0.09498	0.076					0.09498	36	
			0.094984	0.076					0.094984	36	
			0.094988	0.068					0.094988	38	
			0.094992	0.072					0.094992	38	
			0.094996	0.076					0.094996	36	
			0.095	0.076					0.095	36	
			0.095004	0.068					0.095004	36	
			0.095008	0.076					0.095008	36	
			0.095012	0.068					0.095012	38	
			0.095016	0.072					0.095016	36	
			0.09502	0.064					0.09502	36	
			0.095024	0.068					0.095024	36	
			0.095028	0.068					0.095028	36	
			0.095032	0.064					0.095032	36	
			0.095036	0.06					0.095036	36	
			0.09504	0.068					0.09504	36	
			0.095044	0.068					0.095044	36	
			0.095048	0.064					0.095048	36	
			0.095052	0.064					0.095052	36	
			0.095056	0.056					0.095056	36	
			0.09506	0.06					0.09506	36	
			0.095064	0.064					0.095064	36	
			0.095068	0.064					0.095068	36	
			0.095072	0.052					0.095072	36	
			0.095076	0.072					0.095076	36	
			0.09508	0.064					0.09508	34	
			0.095084	0.056					0.095084	36	
			0.095088	0.06					0.095088	36	
			0.095092	0.056					0.095092	36	
			0.095096	0.056					0.095096	36	
			0.0951	0.048					0.0951	36	
			0.095104	0.052					0.095104	36	
			0.095108	0.06					0.095108	36	
			0.095112	0.052					0.095112	36	
			0.095116	0.052					0.095116	36	
			0.09512	0.052					0.09512	36	
			0.095124	0.056					0.095124	36	
			0.095128	0.056					0.095128	36	
			0.095132	0.048					0.095132	36	
			0.095136	0.056					0.095136	36	
			0.09514	0.056					0.09514	36	
			0.095144	0.048					0.095144	36	
			0.095148	0.052					0.095148	34	
			0.095152	0.04					0.095152	36	
			0.095156	0.048					0.095156	36	
			0.09516	0.052					0.09516	36	
			0.095164	0.044					0.095164	36	
			0.095168	0.04					0.095168	36	
			0.095172	0.048					0.095172	34	
			0.095176	0.044					0.095176	34	
			0.09518	0.044					0.09518	36	
			0.095184	0.044					0.095184	34	
			0.095188	0.04					0.095188	34	
			0.095192	0.04					0.095192	36	
			0.095196	0.04					0.095196	34	
			0.0952	0.044					0.0952	34	
			0.095204	0.048					0.095204	36	
			0.095208	0.044					0.095208	34	
			0.095212	0.04					0.095212	34	
			0.095216	0.04					0.095216	36	
			0.09522	0.048					0.09522	34	
			0.095224	0.036					0.095224	34	
			0.095228	0.048					0.095228	36	
			0.095232	0.04					0.095232	34	
			0.095236	0.044					0.095236	34	
			0.09524	0.04					0.09524	34	
			0.095244	0.048					0.095244	34	
			0.095248	0.04					0.095248	34	
			0.095252	0.044					0.095252	34	
			0.095256	0.036					0.095256	34	
			0.09526	0.044					0.09526	34	
			0.095264	0.04					0.095264	34	
			0.095268	0.048					0.095268	34	
			0.095272	0.04					0.095272	34	
			0.095276	0.04					0.095276	34	
			0.09528	0.048					0.09528	34	
			0.095284	0.048					0.095284	34	
			0.095288	0.036					0.095288	34	
			0.095292	0.044					0.095292	36	
			0.095296	0.044					0.095296	34	
			0.0953	0.036					0.0953	34	
			0.095304	0.044					0.095304	34	
			0.095308	0.048					0.095308	34	
			0.095312	0.044					0.095312	34	
			0.095316	0.036					0.095316	34	
			0.09532	0.04					0.09532	34	
			0.095324	0.04					0.095324	34	
			0.095328	0.044					0.095328	34	
			0.095332	0.04					0.095332	34	
			0.095336	0.036					0.095336	34	
			0.09534	0.04					0.09534	34	
			0.095344	0.036					0.095344	34	
			0.095348	0.036					0.095348	34	
			0.095352	0.036					0.095352	34	
			0.095356	0.04					0.095356	34	
			0.09536	0.036					0.09536	34	
			0.095364	0.04					0.095364	34	
			0.095368	0.036					0.095368	34	
			0.095372	0.04					0.095372	34	
			0.095376	0.04					0.095376	34	
			0.09538	0.04					0.09538	34	
			0.095384	0.04					0.095384	34	
			0.095388	0.036					0.095388	34	
			0.095392	0.036					0.095392	34	
			0.095396	0.032					0.095396	34	
			0.0954	0.04					0.0954	34	
			0.095404	0.044					0.095404	34	
			0.095408	0.044					0.095408	34	
			0.095412	0.032					0.095412	34	
			0.095416	0.04					0.095416	34	
			0.09542	0.036					0.09542	34	
			0.095424	0.04					0.095424	34	
			0.095428	0.044					0.095428	34	
			0.095432	0.032					0.095432	34	
			0.095436	0.04					0.095436	34	
			0.09544	0.04					0.09544	34	
			0.095444	0.036					0.095444	34	
			0.095448	0.04					0.095448	34	
			0.095452	0.036					0.095452	34	
			0.095456	0.044					0.095456	34	
			0.09546	0.032					0.09546	34	
			0.095464	0.032					0.095464	34	
			0.095468	0.04					0.095468	34	
			0.095472	0.032					0.095472	34	
			0.095476	0.036					0.095476	34	
			0.09548	0.032					0.09548	32	
			0.095484	0.036					0.095484	34	
			0.095488	0.04					0.095488	34	
			0.095492	0.036					0.095492	32	
			0.095496	0.04					0.095496	34	
			0.0955	0.032					0.0955	32	
			0.095504	0.04					0.095504	34	
			0.095508	0.032					0.095508	34	
			0.095512	0.032					0.095512	34	
			0.095516	0.036					0.095516	34	
			0.09552	0.036					0.09552	34	
			0.095524	0.032					0.095524	34	
			0.095528	0.036					0.095528	34	
			0.095532	0.028					0.095532	34	
			0.095536	0.04					0.095536	34	
			0.09554	0.036					0.09554	34	
			0.095544	0.028					0.095544	34	
			0.095548	0.04					0.095548	34	
			0.095552	0.036					0.095552	32	
			0.095556	0.028					0.095556	34	
			0.09556	0.04					0.09556	34	
			0.095564	0.024					0.095564	32	
			0.095568	0.036					0.095568	32	
			0.095572	0.036					0.095572	32	
			0.095576	0.036					0.095576	32	
			0.09558	0.028					0.09558	32	
			0.095584	0.032					0.095584	34	
			0.095588	0.028					0.095588	32	
			0.095592	0.032					0.095592	32	
			0.095596	0.028					0.095596	32	
			0.0956	0.028					0.0956	32	
			0.095604	0.02					0.095604	34	
			0.095608	0.036					0.095608	32	
			0.095612	0.028					0.095612	32	
			0.095616	0.036					0.095616	32	
			0.09562	0.032					0.09562	32	
			0.095624	0.032					0.095624	32	
			0.095628	0.028					0.095628	32	
			0.095632	0.028					0.095632	32	
			0.095636	0.036					0.095636	32	
			0.09564	0.032					0.09564	32	
			0.095644	0.032					0.095644	32	
			0.095648	0.028					0.095648	32	
			0.095652	0.024					0.095652	32	
			0.095656	0.024					0.095656	32	
			0.09566	0.028					0.09566	32	
			0.095664	0.032					0.095664	32	
			0.095668	0.032					0.095668	32	
			0.095672	0.028					0.095672	32	
			0.095676	0.036					0.095676	32	
			0.09568	0.028					0.09568	32	
			0.095684	0.028					0.095684	32	
			0.095688	0.024					0.095688	32	
			0.095692	0.024					0.095692	32	
			0.095696	0.028					0.095696	32	
			0.0957	0.024					0.0957	32	
			0.095704	0.036					0.095704	32	
			0.095708	0.028					0.095708	32	
			0.095712	0.024					0.095712	32	
			0.095716	0.032					0.095716	32	
			0.09572	0.032					0.09572	30	
			0.095724	0.028					0.095724	30	
			0.095728	0.032					0.095728	32	
			0.095732	0.028					0.095732	32	
			0.095736	0.028					0.095736	32	
			0.09574	0.028					0.09574	32	
			0.095744	0.024					0.095744	32	
			0.095748	0.032					0.095748	30	
			0.095752	0.028					0.095752	32	
			0.095756	0.032					0.095756	32	
			0.09576	0.028					0.09576	32	
			0.095764	0.02					0.095764	32	
			0.095768	0.032					0.095768	32	
			0.095772	0.024					0.095772	32	
			0.095776	0.024					0.095776	32	
			0.09578	0.028					0.09578	32	
			0.095784	0.032					0.095784	32	
			0.095788	0.024					0.095788	32	
			0.095792	0.028					0.095792	32	
			0.095796	0.028					0.095796	30	
			0.0958	0.024					0.0958	32	
			0.095804	0.032					0.095804	32	
			0.095808	0.028					0.095808	32	
			0.095812	0.02					0.095812	32	
			0.095816	0.024					0.095816	32	
			0.09582	0.024					0.09582	30	
			0.095824	0.028					0.095824	30	
			0.095828	0.028					0.095828	32	
			0.095832	0.028					0.095832	32	
			0.095836	0.02					0.095836	30	
			0.09584	0.02					0.09584	30	
			0.095844	0.028					0.095844	30	
			0.095848	0.024					0.095848	32	
			0.095852	0.02					0.095852	30	
			0.095856	0.028					0.095856	32	
			0.09586	0.028					0.09586	32	
			0.095864	0.016					0.095864	30	
			0.095868	0.028					0.095868	30	
			0.095872	0.024					0.095872	32	
			0.095876	0.024					0.095876	32	
			0.09588	0.024					0.09588	30	
			0.095884	0.036					0.095884	30	
			0.095888	0.024					0.095888	30	
			0.095892	0.028					0.095892	32	
			0.095896	0.028					0.095896	30	
			0.0959	0.024					0.0959	32	
			0.095904	0.02					0.095904	30	
			0.095908	0.024					0.095908	30	
			0.095912	0.024					0.095912	30	
			0.095916	0.028					0.095916	30	
			0.09592	0.024					0.09592	32	
			0.095924	0.024					0.095924	30	
			0.095928	0.02					0.095928	30	
			0.095932	0.024					0.095932	30	
			0.095936	0.024					0.095936	30	
			0.09594	0.028					0.09594	30	
			0.095944	0.02					0.095944	30	
			0.095948	0.032					0.095948	30	
			0.095952	0.024					0.095952	30	
			0.095956	0.024					0.095956	30	
			0.09596	0.02					0.09596	30	
			0.095964	0.024					0.095964	30	
			0.095968	0.024					0.095968	30	
			0.095972	0.008					0.095972	30	
			0.095976	0.024					0.095976	30	
			0.09598	0.024					0.09598	30	
			0.095984	0.02					0.095984	30	
			0.095988	0.016					0.095988	30	
			0.095992	0.016					0.095992	30	
			0.095996	0.028					0.095996	30	
			0.096	0.012					0.096	30	
			0.096004	0.024					0.096004	30	
			0.096008	0.028					0.096008	30	
			0.096012	0.024					0.096012	30	
			0.096016	0.028					0.096016	30	
			0.09602	0.02					0.09602	30	
			0.096024	0.016					0.096024	30	
			0.096028	0.016					0.096028	30	
			0.096032	0.016					0.096032	30	
			0.096036	0.028					0.096036	30	
			0.09604	0.028					0.09604	30	
			0.096044	0.024					0.096044	30	
			0.096048	0.024					0.096048	30	
			0.096052	0.02					0.096052	30	
			0.096056	0.024					0.096056	30	
			0.09606	0.024					0.09606	30	
			0.096064	0.02					0.096064	30	
			0.096068	0.016					0.096068	30	
			0.096072	0.02					0.096072	30	
			0.096076	0.02					0.096076	30	
			0.09608	0.02					0.09608	30	
			0.096084	0.02					0.096084	30	
			0.096088	0.02					0.096088	30	
			0.096092	0.016					0.096092	30	
			0.096096	0.012					0.096096	30	
			0.0961	0.016					0.0961	30	
			0.096104	0.012					0.096104	28	
			0.096108	0.012					0.096108	30	
			0.096112	0.016					0.096112	30	
			0.096116	0.012					0.096116	28	
			0.09612	0.012					0.09612	30	
			0.096124	0.028					0.096124	28	
			0.096128	0.012					0.096128	30	
			0.096132	0.02					0.096132	28	
			0.096136	0.012					0.096136	28	
			0.09614	0.024					0.09614	28	
			0.096144	0.016					0.096144	28	
			0.096148	0.012					0.096148	28	
			0.096152	0.016					0.096152	30	
			0.096156	0.02					0.096156	28	
			0.09616	0.016					0.09616	28	
			0.096164	0.016					0.096164	28	
			0.096168	0.02					0.096168	28	
			0.096172	0.02					0.096172	30	
			0.096176	0.02					0.096176	30	
			0.09618	0.016					0.09618	28	
			0.096184	0.02					0.096184	28	
			0.096188	0.016					0.096188	28	
			0.096192	0.024					0.096192	28	
			0.096196	0.016					0.096196	28	
			0.0962	0.012					0.0962	28	
			0.096204	0.016					0.096204	28	
			0.096208	0.02					0.096208	28	
			0.096212	0.012					0.096212	28	
			0.096216	0.008					0.096216	28	
			0.09622	0.02					0.09622	28	
			0.096224	0.008					0.096224	28	
			0.096228	0.016					0.096228	30	
			0.096232	0.02					0.096232	28	
			0.096236	0.016					0.096236	28	
			0.09624	0.016					0.09624	28	
			0.096244	0.02					0.096244	28	
			0.096248	0.012					0.096248	28	
			0.096252	0.016					0.096252	28	
			0.096256	0.016					0.096256	28	
			0.09626	0.016					0.09626	28	
			0.096264	0.012					0.096264	28	
			0.096268	0.008					0.096268	28	
			0.096272	0.012					0.096272	28	
			0.096276	0.012					0.096276	28	
			0.09628	0.008					0.09628	30	
			0.096284	0.012					0.096284	28	
			0.096288	0.012					0.096288	28	
			0.096292	0.016					0.096292	28	
			0.096296	0.016					0.096296	28	
			0.0963	0.016					0.0963	28	
			0.096304	0.012					0.096304	28	
			0.096308	0.012					0.096308	26	
			0.096312	0.012					0.096312	28	
			0.096316	0.012					0.096316	28	
			0.09632	0.016					0.09632	28	
			0.096324	0.02					0.096324	28	
			0.096328	0.016					0.096328	28	
			0.096332	0.012					0.096332	26	
			0.096336	0.02					0.096336	28	
			0.09634	0.016					0.09634	28	
			0.096344	0.016					0.096344	28	
			0.096348	0.02					0.096348	28	
			0.096352	0.016					0.096352	26	
			0.096356	0.012					0.096356	28	
			0.09636	0.012					0.09636	28	
			0.096364	0.012					0.096364	26	
			0.096368	0.02					0.096368	28	
			0.096372	0.012					0.096372	28	
			0.096376	0.012					0.096376	28	
			0.09638	0.016					0.09638	28	
			0.096384	0.012					0.096384	28	
			0.096388	0.016					0.096388	28	
			0.096392	0.012					0.096392	26	
			0.096396	0.02					0.096396	28	
			0.0964	0.012					0.0964	28	
			0.096404	0.016					0.096404	26	
			0.096408	0.016					0.096408	26	
			0.096412	0.008					0.096412	28	
			0.096416	0.012					0.096416	28	
			0.09642	0.016					0.09642	26	
			0.096424	0.008					0.096424	28	
			0.096428	0.008					0.096428	28	
			0.096432	0.016					0.096432	28	
			0.096436	0.016					0.096436	26	
			0.09644	0.02					0.09644	28	
			0.096444	0.008					0.096444	26	
			0.096448	0.012					0.096448	28	
			0.096452	0.012					0.096452	28	
			0.096456	0.012					0.096456	28	
			0.09646	0.016					0.09646	26	
			0.096464	0.016					0.096464	26	
			0.096468	0.012					0.096468	28	
			0.096472	0.008					0.096472	26	
			0.096476	0.012					0.096476	26	
			0.09648	0.02					0.09648	28	
			0.096484	0.012					0.096484	26	
			0.096488	0.012					0.096488	28	
			0.096492	0.016					0.096492	28	
			0.096496	0.016					0.096496	28	
			0.0965	0.016					0.0965	28	
			0.096504	0.012					0.096504	26	
			0.096508	0.012					0.096508	28	
			0.096512	0.012					0.096512	26	
			0.096516	0.016					0.096516	26	
			0.09652	0.008					0.09652	26	
			0.096524	0.012					0.096524	26	
			0.096528	0.012					0.096528	26	
			0.096532	0.016					0.096532	26	
			0.096536	0.008					0.096536	26	
			0.09654	0.012					0.09654	26	
			0.096544	0.004					0.096544	26	
			0.096548	0.012					0.096548	26	
			0.096552	0.012					0.096552	26	
			0.096556	0.012					0.096556	26	
			0.09656	0.012					0.09656	26	
			0.096564	0.012					0.096564	26	
			0.096568	0.012					0.096568	26	
			0.096572	0.012					0.096572	26	
			0.096576	0.008					0.096576	26	
			0.09658	0.008					0.09658	26	
			0.096584	0.008					0.096584	26	
			0.096588	0.008					0.096588	26	
			0.096592	0.008					0.096592	26	
			0.096596	0					0.096596	26	
			0.0966	0.02					0.0966	26	
			0.096604	0.012					0.096604	26	
			0.096608	0.012					0.096608	26	
			0.096612	0.008					0.096612	26	
			0.096616	0.012					0.096616	26	
			0.09662	0.012					0.09662	26	
			0.096624	0.012					0.096624	26	
			0.096628	0.012					0.096628	26	
			0.096632	0.008					0.096632	26	
			0.096636	0.016					0.096636	26	
			0.09664	0.004					0.09664	26	
			0.096644	0.012					0.096644	26	
			0.096648	0.016					0.096648	26	
			0.096652	0.008					0.096652	26	
			0.096656	0.012					0.096656	26	
			0.09666	0.012					0.09666	26	
			0.096664	0.008					0.096664	26	
			0.096668	0.012					0.096668	26	
			0.096672	0.012					0.096672	26	
			0.096676	0.008					0.096676	26	
			0.09668	0.012					0.09668	26	
			0.096684	0.008					0.096684	24	
			0.096688	0.008					0.096688	26	
			0.096692	0.016					0.096692	26	
			0.096696	0.008					0.096696	26	
			0.0967	0.016					0.0967	26	
			0.096704	0.004					0.096704	26	
			0.096708	0.008					0.096708	26	
			0.096712	0.008					0.096712	26	
			0.096716	0.012					0.096716	26	
			0.09672	0.012					0.09672	26	
			0.096724	0.016					0.096724	26	
			0.096728	0.008					0.096728	26	
			0.096732	0.012					0.096732	26	
			0.096736	0.016					0.096736	26	
			0.09674	0.008					0.09674	24	
			0.096744	0.008					0.096744	26	
			0.096748	0.012					0.096748	26	
			0.096752	0.012					0.096752	24	
			0.096756	0.012					0.096756	26	
			0.09676	0.008					0.09676	24	
			0.096764	0.012					0.096764	24	
			0.096768	0.008					0.096768	26	
			0.096772	0.008					0.096772	26	
			0.096776	0.008					0.096776	26	
			0.09678	0.016					0.09678	26	
			0.096784	0.016					0.096784	24	
			0.096788	0.012					0.096788	26	
			0.096792	0.012					0.096792	24	
			0.096796	0.016					0.096796	24	
			0.0968	0.012					0.0968	24	
			0.096804	0.012					0.096804	24	
			0.096808	0.008					0.096808	26	
			0.096812	0.016					0.096812	24	
			0.096816	0.016					0.096816	26	
			0.09682	0.016					0.09682	24	
			0.096824	0.008					0.096824	24	
			0.096828	0.012					0.096828	24	
			0.096832	0.008					0.096832	24	
			0.096836	0.012					0.096836	24	
			0.09684	0.008					0.09684	24	
			0.096844	0.012					0.096844	24	
			0.096848	0.016					0.096848	24	
			0.096852	0.008					0.096852	26	
			0.096856	0.008					0.096856	24	
			0.09686	0.012					0.09686	24	
			0.096864	0.02					0.096864	24	
			0.096868	0.008					0.096868	24	
			0.096872	0.008					0.096872	24	
			0.096876	0.008					0.096876	24	
			0.09688	0.02					0.09688	24	
			0.096884	0.012					0.096884	24	
			0.096888	0.012					0.096888	24	
			0.096892	0.012					0.096892	24	
			0.096896	0.012					0.096896	24	
			0.0969	0.008					0.0969	24	
			0.096904	0.012					0.096904	24	
			0.096908	0.012					0.096908	26	
			0.096912	0.008					0.096912	24	
			0.096916	0.012					0.096916	24	
			0.09692	0.016					0.09692	26	
			0.096924	0.016					0.096924	24	
			0.096928	0.012					0.096928	24	
			0.096932	0.004					0.096932	24	
			0.096936	0.012					0.096936	24	
			0.09694	0.012					0.09694	24	
			0.096944	0.016					0.096944	24	
			0.096948	0.008					0.096948	24	
			0.096952	0.016					0.096952	24	
			0.096956	0.004					0.096956	24	
			0.09696	0.012					0.09696	24	
			0.096964	0.016					0.096964	24	
			0.096968	0.012					0.096968	24	
			0.096972	0.008					0.096972	24	
			0.096976	0.012					0.096976	22	
			0.09698	0.012					0.09698	24	
			0.096984	0.012					0.096984	24	
			0.096988	0.008					0.096988	24	
			0.096992	0.012					0.096992	24	
			0.096996	0.012					0.096996	24	
			0.097	0.008					0.097	24	
			0.097004	0.004					0.097004	24	
			0.097008	0.012					0.097008	22	
			0.097012	0.008					0.097012	24	
			0.097016	0.012					0.097016	24	
			0.09702	0.012					0.09702	24	
			0.097024	0.016					0.097024	24	
			0.097028	0.016					0.097028	24	
			0.097032	0.012					0.097032	22	
			0.097036	0.008					0.097036	22	
			0.09704	0.016					0.09704	24	
			0.097044	0.012					0.097044	24	
			0.097048	0.02					0.097048	24	
			0.097052	0.016					0.097052	24	
			0.097056	0.012					0.097056	24	
			0.09706	0.008					0.09706	24	
			0.097064	0.012					0.097064	22	
			0.097068	0.012					0.097068	22	
			0.097072	0.008					0.097072	24	
			0.097076	0.012					0.097076	24	
			0.09708	0.012					0.09708	22	
			0.097084	0.004					0.097084	24	
			0.097088	0.008					0.097088	22	
			0.097092	0.008					0.097092	24	
			0.097096	0.008					0.097096	22	
			0.0971	0.02					0.0971	22	
			0.097104	0.012					0.097104	24	
			0.097108	0.012					0.097108	22	
			0.097112	0.012					0.097112	22	
			0.097116	0.012					0.097116	24	
			0.09712	0.02					0.09712	22	
			0.097124	0.012					0.097124	22	
			0.097128	0.012					0.097128	24	
			0.097132	0.012					0.097132	24	
			0.097136	0.012					0.097136	22	
			0.09714	0.012					0.09714	22	
			0.097144	0.012					0.097144	22	
			0.097148	0.016					0.097148	22	
			0.097152	0.012					0.097152	24	
			0.097156	0.012					0.097156	22	
			0.09716	0.016					0.09716	22	
			0.097164	0.012					0.097164	22	
			0.097168	0.008					0.097168	22	
			0.097172	0.012					0.097172	22	
			0.097176	0.012					0.097176	22	
			0.09718	0.016					0.09718	22	
			0.097184	0.008					0.097184	22	
			0.097188	0.008					0.097188	22	
			0.097192	0.008					0.097192	22	
			0.097196	0.016					0.097196	22	
			0.0972	0.012					0.0972	22	
			0.097204	0.012					0.097204	22	
			0.097208	0.016					0.097208	22	
			0.097212	0.016					0.097212	22	
			0.097216	0.02					0.097216	22	
			0.09722	0.008					0.09722	22	
			0.097224	0.012					0.097224	22	
			0.097228	0.012					0.097228	22	
			0.097232	0.016					0.097232	22	
			0.097236	0.016					0.097236	22	
			0.09724	0.012					0.09724	22	
			0.097244	0.012					0.097244	22	
			0.097248	0.012					0.097248	20	
			0.097252	0.012					0.097252	22	
			0.097256	0.012					0.097256	20	
			0.09726	0.008					0.09726	22	
			0.097264	0.012					0.097264	22	
			0.097268	0.012					0.097268	22	
			0.097272	0.012					0.097272	22	
			0.097276	0.012					0.097276	22	
			0.09728	0.012					0.09728	22	
			0.097284	0.012					0.097284	22	
			0.097288	0.012					0.097288	22	
			0.097292	0.016					0.097292	22	
			0.097296	0.012					0.097296	20	
			0.0973	0.008					0.0973	22	
			0.097304	0.008					0.097304	20	
			0.097308	0.008					0.097308	22	
			0.097312	0.012					0.097312	22	
			0.097316	0.008					0.097316	22	
			0.09732	0.016					0.09732	22	
			0.097324	0.012					0.097324	20	
			0.097328	0.024					0.097328	22	
			0.097332	0.008					0.097332	20	
			0.097336	0.016					0.097336	22	
			0.09734	0.016					0.09734	20	
			0.097344	0.008					0.097344	22	
			0.097348	0.02					0.097348	20	
			0.097352	0.012					0.097352	22	
			0.097356	0.012					0.097356	20	
			0.09736	0.012					0.09736	20	
			0.097364	0.016					0.097364	22	
			0.097368	0.012					0.097368	20	
			0.097372	0.012					0.097372	20	
			0.097376	0.008					0.097376	22	
			0.09738	0.008					0.09738	20	
			0.097384	0.012					0.097384	22	
			0.097388	0.012					0.097388	20	
			0.097392	0.012					0.097392	22	
			0.097396	0.024					0.097396	20	
			0.0974	0.02					0.0974	20	
			0.097404	0.012					0.097404	20	
			0.097408	0.012					0.097408	20	
			0.097412	0.02					0.097412	20	
			0.097416	0.012					0.097416	20	
			0.09742	0.012					0.09742	20	
			0.097424	0.008					0.097424	22	
			0.097428	0.016					0.097428	20	
			0.097432	0.016					0.097432	20	
			0.097436	0.012					0.097436	20	
			0.09744	0.012					0.09744	20	
			0.097444	0.012					0.097444	20	
			0.097448	0.012					0.097448	20	
			0.097452	0.016					0.097452	20	
			0.097456	0.012					0.097456	20	
			0.09746	0.012					0.09746	20	
			0.097464	0.012					0.097464	20	
			0.097468	0.012					0.097468	20	
			0.097472	0.016					0.097472	20	
			0.097476	0.016					0.097476	20	
			0.09748	0.016					0.09748	20	
			0.097484	0.016					0.097484	20	
			0.097488	0.012					0.097488	20	
			0.097492	0.016					0.097492	20	
			0.097496	0.012					0.097496	20	
			0.0975	0.004					0.0975	20	
			0.097504	0.016					0.097504	20	
			0.097508	0.008					0.097508	20	
			0.097512	0.02					0.097512	20	
			0.097516	0.016					0.097516	20	
			0.09752	0.016					0.09752	20	
			0.097524	0.024					0.097524	20	
			0.097528	0.012					0.097528	20	
			0.097532	0.016					0.097532	20	
			0.097536	0.012					0.097536	20	
			0.09754	0.028					0.09754	20	
			0.097544	0.012					0.097544	20	
			0.097548	0.012					0.097548	20	
			0.097552	0.016					0.097552	20	
			0.097556	0.016					0.097556	20	
			0.09756	0.02					0.09756	20	
			0.097564	0.012					0.097564	20	
			0.097568	0.008					0.097568	20	
			0.097572	0.012					0.097572	20	
			0.097576	0.012					0.097576	20	
			0.09758	0.016					0.09758	20	
			0.097584	0.016					0.097584	20	
			0.097588	0.02					0.097588	20	
			0.097592	0.028					0.097592	20	
			0.097596	0.016					0.097596	20	
			0.0976	0.02					0.0976	20	
			0.097604	0.016					0.097604	20	
			0.097608	0.02					0.097608	20	
			0.097612	0.02					0.097612	20	
			0.097616	0.016					0.097616	20	
			0.09762	0.02					0.09762	20	
			0.097624	0.016					0.097624	20	
			0.097628	0.02					0.097628	20	
			0.097632	0.02					0.097632	18	
			0.097636	0.012					0.097636	20	
			0.09764	0.012					0.09764	20	
			0.097644	0.016					0.097644	18	
			0.097648	0.024					0.097648	18	
			0.097652	0.016					0.097652	20	
			0.097656	0.02					0.097656	20	
			0.09766	0.016					0.09766	18	
			0.097664	0.02					0.097664	18	
			0.097668	0.012					0.097668	20	
			0.097672	0.024					0.097672	18	
			0.097676	0.024					0.097676	20	
			0.09768	0.012					0.09768	20	
			0.097684	0.024					0.097684	20	
			0.097688	0.02					0.097688	18	
			0.097692	0.016					0.097692	20	
			0.097696	0.02					0.097696	18	
			0.0977	0.024					0.0977	18	
			0.097704	0.028					0.097704	18	
			0.097708	0.016					0.097708	18	
			0.097712	0.02					0.097712	18	
			0.097716	0.02					0.097716	18	
			0.09772	0.02					0.09772	20	
			0.097724	0.02					0.097724	20	
			0.097728	0.016					0.097728	18	
			0.097732	0.02					0.097732	20	
			0.097736	0.02					0.097736	20	
			0.09774	0.024					0.09774	18	
			0.097744	0.02					0.097744	18	
			0.097748	0.024					0.097748	18	
			0.097752	0.016					0.097752	18	
			0.097756	0.024					0.097756	20	
			0.09776	0.02					0.09776	18	
			0.097764	0.024					0.097764	18	
			0.097768	0.024					0.097768	18	
			0.097772	0.028					0.097772	18	
			0.097776	0.028					0.097776	18	
			0.09778	0.016					0.09778	20	
			0.097784	0.024					0.097784	18	
			0.097788	0.028					0.097788	20	
			0.097792	0.024					0.097792	18	
			0.097796	0.016					0.097796	18	
			0.0978	0.024					0.0978	18	
			0.097804	0.028					0.097804	18	
			0.097808	0.024					0.097808	18	
			0.097812	0.024					0.097812	18	
			0.097816	0.028					0.097816	18	
			0.09782	0.024					0.09782	18	
			0.097824	0.028					0.097824	18	
			0.097828	0.036					0.097828	18	
			0.097832	0.024					0.097832	18	
			0.097836	0.02					0.097836	18	
			0.09784	0.028					0.09784	18	
			0.097844	0.032					0.097844	18	
			0.097848	0.032					0.097848	18	
			0.097852	0.036					0.097852	18	
			0.097856	0.036					0.097856	18	
			0.09786	0.024					0.09786	18	
			0.097864	0.028					0.097864	18	
			0.097868	0.032					0.097868	18	
			0.097872	0.028					0.097872	18	
			0.097876	0.032					0.097876	18	
			0.09788	0.032					0.09788	18	
			0.097884	0.036					0.097884	18	
			0.097888	0.032					0.097888	18	
			0.097892	0.036					0.097892	18	
			0.097896	0.04					0.097896	18	
			0.0979	0.032					0.0979	18	
			0.097904	0.04					0.097904	16	
			0.097908	0.032					0.097908	18	
			0.097912	0.04					0.097912	18	
			0.097916	0.04					0.097916	18	
			0.09792	0.032					0.09792	16	
			0.097924	0.04					0.097924	16	
			0.097928	0.04					0.097928	18	
			0.097932	0.04					0.097932	18	
			0.097936	0.04					0.097936	18	
			0.09794	0.04					0.09794	16	
			0.097944	0.04					0.097944	18	
			0.097948	0.036					0.097948	18	
			0.097952	0.04					0.097952	16	
			0.097956	0.036					0.097956	18	
			0.09796	0.04					0.09796	18	
			0.097964	0.04					0.097964	16	
			0.097968	0.052					0.097968	16	
			0.097972	0.04					0.097972	16	
			0.097976	0.04					0.097976	18	
			0.09798	0.048					0.09798	16	
			0.097984	0.044					0.097984	18	
			0.097988	0.044					0.097988	18	
			0.097992	0.04					0.097992	16	
			0.097996	0.06					0.097996	16	
			0.098	0.052					0.098	18	
			0.098004	0.056					0.098004	16	
			0.098008	0.056					0.098008	16	
			0.098012	0.06					0.098012	16	
			0.098016	0.052					0.098016	16	
			0.09802	0.06					0.09802	16	
			0.098024	0.052					0.098024	16	
			0.098028	0.056					0.098028	16	
			0.098032	0.06					0.098032	18	
			0.098036	0.06					0.098036	16	
			0.09804	0.068					0.09804	18	
			0.098044	0.056					0.098044	16	
			0.098048	0.06					0.098048	16	
			0.098052	0.064					0.098052	16	
			0.098056	0.068					0.098056	16	
			0.09806	0.06					0.09806	16	
			0.098064	0.064					0.098064	16	
			0.098068	0.076					0.098068	16	
			0.098072	0.072					0.098072	16	
			0.098076	0.072					0.098076	16	
			0.09808	0.068					0.09808	16	
			0.098084	0.076					0.098084	16	
			0.098088	0.076					0.098088	16	
			0.098092	0.072					0.098092	16	
			0.098096	0.076					0.098096	16	
			0.0981	0.072					0.0981	16	
			0.098104	0.08					0.098104	16	
			0.098108	0.076					0.098108	16	
			0.098112	0.084					0.098112	16	
			0.098116	0.076					0.098116	16	
			0.09812	0.088					0.09812	16	
			0.098124	0.092					0.098124	16	
			0.098128	0.096					0.098128	16	
			0.098132	0.084					0.098132	16	
			0.098136	0.088					0.098136	16	
			0.09814	0.1					0.09814	16	
			0.098144	0.092					0.098144	16	
			0.098148	0.084					0.098148	16	
			0.098152	0.104					0.098152	16	
			0.098156	0.096					0.098156	16	
			0.09816	0.104					0.09816	14	
			0.098164	0.1					0.098164	16	
			0.098168	0.108					0.098168	16	
			0.098172	0.104					0.098172	16	
			0.098176	0.104					0.098176	16	
			0.09818	0.12					0.09818	16	
			0.098184	0.112					0.098184	16	
			0.098188	0.112					0.098188	16	
			0.098192	0.116					0.098192	16	
			0.098196	0.116					0.098196	16	
			0.0982	0.116					0.0982	16	
			0.098204	0.124					0.098204	16	
			0.098208	0.12					0.098208	16	
			0.098212	0.132					0.098212	16	
			0.098216	0.132					0.098216	16	
			0.09822	0.144					0.09822	16	
			0.098224	0.14					0.098224	16	
			0.098228	0.136					0.098228	16	
			0.098232	0.148					0.098232	16	
			0.098236	0.16					0.098236	16	
			0.09824	0.144					0.09824	14	
			0.098244	0.156					0.098244	16	
			0.098248	0.16					0.098248	16	
			0.098252	0.16					0.098252	14	
			0.098256	0.18					0.098256	16	
			0.09826	0.176					0.09826	16	
			0.098264	0.18					0.098264	16	
			0.098268	0.18					0.098268	14	
			0.098272	0.188					0.098272	16	
			0.098276	0.192					0.098276	16	
			0.09828	0.192					0.09828	16	
			0.098284	0.208					0.098284	14	
			0.098288	0.196					0.098288	16	
			0.098292	0.2					0.098292	14	
			0.098296	0.204					0.098296	16	
			0.0983	0.224					0.0983	16	
			0.098304	0.224					0.098304	14	
			0.098308	0.22					0.098308	16	
			0.098312	0.236					0.098312	16	
			0.098316	0.228					0.098316	14	
			0.09832	0.228					0.09832	16	
			0.098324	0.236					0.098324	14	
			0.098328	0.244					0.098328	14	
			0.098332	0.252					0.098332	14	
			0.098336	0.252					0.098336	14	
			0.09834	0.244					0.09834	14	
			0.098344	0.256					0.098344	14	
			0.098348	0.268					0.098348	14	
			0.098352	0.264					0.098352	14	
			0.098356	0.264					0.098356	14	
			0.09836	0.272					0.09836	14	
			0.098364	0.28					0.098364	14	
			0.098368	0.28					0.098368	16	
			0.098372	0.276					0.098372	14	
			0.098376	0.28					0.098376	14	
			0.09838	0.276					0.09838	14	
			0.098384	0.28					0.098384	14	
			0.098388	0.28					0.098388	14	
			0.098392	0.292					0.098392	14	
			0.098396	0.284					0.098396	14	
			0.0984	0.284					0.0984	14	
			0.098404	0.292					0.098404	14	
			0.098408	0.292					0.098408	14	
			0.098412	0.292					0.098412	14	
			0.098416	0.288					0.098416	14	
			0.09842	0.296					0.09842	14	
			0.098424	0.292					0.098424	14	
			0.098428	0.288					0.098428	14	
			0.098432	0.292					0.098432	14	
			0.098436	0.292					0.098436	14	
			0.09844	0.288					0.09844	16	
			0.098444	0.296					0.098444	14	
			0.098448	0.292					0.098448	14	
			0.098452	0.288					0.098452	14	
			0.098456	0.284					0.098456	14	
			0.09846	0.28					0.09846	14	
			0.098464	0.28					0.098464	14	
			0.098468	0.276					0.098468	14	
			0.098472	0.284					0.098472	14	
			0.098476	0.276					0.098476	14	
			0.09848	0.284					0.09848	14	
			0.098484	0.284					0.098484	14	
			0.098488	0.276					0.098488	14	
			0.098492	0.288					0.098492	14	
			0.098496	0.288					0.098496	14	
			0.0985	0.28					0.0985	14	
			0.098504	0.288					0.098504	14	
			0.098508	0.272					0.098508	14	
			0.098512	0.276					0.098512	14	
			0.098516	0.272					0.098516	12	
			0.09852	0.276					0.09852	12	
			0.098524	0.276					0.098524	14	
			0.098528	0.268					0.098528	12	
			0.098532	0.28					0.098532	14	
			0.098536	0.268					0.098536	12	
			0.09854	0.268					0.09854	12	
			0.098544	0.272					0.098544	14	
			0.098548	0.276					0.098548	14	
			0.098552	0.288					0.098552	14	
			0.098556	0.284					0.098556	12	
			0.09856	0.284					0.09856	12	
			0.098564	0.28					0.098564	14	
			0.098568	0.284					0.098568	12	
			0.098572	0.272					0.098572	14	
			0.098576	0.28					0.098576	12	
			0.09858	0.284					0.09858	14	
			0.098584	0.276					0.098584	14	
			0.098588	0.28					0.098588	12	
			0.098592	0.28					0.098592	12	
			0.098596	0.288					0.098596	12	
			0.0986	0.292					0.0986	12	
			0.098604	0.284					0.098604	14	
			0.098608	0.3					0.098608	12	
			0.098612	0.3					0.098612	12	
			0.098616	0.296					0.098616	12	
			0.09862	0.292					0.09862	12	
			0.098624	0.292					0.098624	12	
			0.098628	0.296					0.098628	14	
			0.098632	0.296					0.098632	14	
			0.098636	0.284					0.098636	12	
			0.09864	0.284					0.09864	12	
			0.098644	0.288					0.098644	12	
			0.098648	0.292					0.098648	12	
			0.098652	0.292					0.098652	12	
			0.098656	0.292					0.098656	12	
			0.09866	0.296					0.09866	12	
			0.098664	0.296					0.098664	12	
			0.098668	0.292					0.098668	12	
			0.098672	0.296					0.098672	12	
			0.098676	0.3					0.098676	12	
			0.09868	0.288					0.09868	12	
			0.098684	0.292					0.098684	12	
			0.098688	0.292					0.098688	12	
			0.098692	0.284					0.098692	12	
			0.098696	0.292					0.098696	12	
			0.0987	0.296					0.0987	12	
			0.098704	0.296					0.098704	12	
			0.098708	0.292					0.098708	12	
			0.098712	0.296					0.098712	12	
			0.098716	0.288					0.098716	12	
			0.09872	0.272					0.09872	12	
			0.098724	0.288					0.098724	12	
			0.098728	0.284					0.098728	12	
			0.098732	0.284					0.098732	12	
			0.098736	0.288					0.098736	12	
			0.09874	0.284					0.09874	12	
			0.098744	0.292					0.098744	12	
			0.098748	0.292					0.098748	12	
			0.098752	0.276					0.098752	12	
			0.098756	0.296					0.098756	12	
			0.09876	0.304					0.09876	12	
			0.098764	0.292					0.098764	12	
			0.098768	0.288					0.098768	12	
			0.098772	0.288					0.098772	12	
			0.098776	0.292					0.098776	12	
			0.09878	0.308					0.09878	12	
			0.098784	0.3					0.098784	12	
			0.098788	0.304					0.098788	10	
			0.098792	0.28					0.098792	12	
			0.098796	0.292					0.098796	10	
			0.0988	0.3					0.0988	12	
			0.098804	0.308					0.098804	12	
			0.098808	0.304					0.098808	12	
			0.098812	0.304					0.098812	12	
			0.098816	0.32					0.098816	12	
			0.09882	0.308					0.09882	12	
			0.098824	0.312					0.098824	12	
			0.098828	0.32					0.098828	12	
			0.098832	0.32					0.098832	10	
			0.098836	0.316					0.098836	12	
			0.09884	0.316					0.09884	12	
			0.098844	0.312					0.098844	12	
			0.098848	0.32					0.098848	12	
			0.098852	0.32					0.098852	12	
			0.098856	0.312					0.098856	12	
			0.09886	0.324					0.09886	12	
			0.098864	0.324					0.098864	12	
			0.098868	0.344					0.098868	12	
			0.098872	0.328					0.098872	12	
			0.098876	0.312					0.098876	12	
			0.09888	0.32					0.09888	10	
			0.098884	0.316					0.098884	10	
			0.098888	0.312					0.098888	10	
			0.098892	0.312					0.098892	12	
			0.098896	0.316					0.098896	10	
			0.0989	0.316					0.0989	10	
			0.098904	0.312					0.098904	10	
			0.098908	0.312					0.098908	10	
			0.098912	0.32					0.098912	12	
			0.098916	0.308					0.098916	10	
			0.09892	0.312					0.09892	10	
			0.098924	0.296					0.098924	10	
			0.098928	0.3					0.098928	10	
			0.098932	0.284					0.098932	12	
			0.098936	0.3					0.098936	10	
			0.09894	0.288					0.09894	10	
			0.098944	0.284					0.098944	10	
			0.098948	0.28					0.098948	10	
			0.098952	0.276					0.098952	12	
			0.098956	0.276					0.098956	10	
			0.09896	0.256					0.09896	10	
			0.098964	0.252					0.098964	10	
			0.098968	0.256					0.098968	10	
			0.098972	0.256					0.098972	10	
			0.098976	0.248					0.098976	10	
			0.09898	0.248					0.09898	10	
			0.098984	0.24					0.098984	10	
			0.098988	0.228					0.098988	10	
			0.098992	0.228					0.098992	10	
			0.098996	0.24					0.098996	10	
			0.099	0.232					0.099	10	
			0.099004	0.224					0.099004	10	
			0.099008	0.212					0.099008	10	
			0.099012	0.22					0.099012	10	
			0.099016	0.216					0.099016	10	
			0.09902	0.212					0.09902	10	
			0.099024	0.208					0.099024	10	
			0.099028	0.212					0.099028	10	
			0.099032	0.212					0.099032	10	
			0.099036	0.216					0.099036	10	
			0.09904	0.196					0.09904	10	
			0.099044	0.196					0.099044	10	
			0.099048	0.196					0.099048	10	
			0.099052	0.192					0.099052	10	
			0.099056	0.188					0.099056	10	
			0.09906	0.184					0.09906	10	
			0.099064	0.188					0.099064	10	
			0.099068	0.196					0.099068	10	
			0.099072	0.184					0.099072	10	
			0.099076	0.188					0.099076	10	
			0.09908	0.18					0.09908	10	
			0.099084	0.188					0.099084	10	
			0.099088	0.188					0.099088	10	
			0.099092	0.184					0.099092	10	
			0.099096	0.172					0.099096	10	
			0.0991	0.184					0.0991	10	
			0.099104	0.168					0.099104	8	
			0.099108	0.172					0.099108	10	
			0.099112	0.172					0.099112	10	
			0.099116	0.168					0.099116	10	
			0.09912	0.176					0.09912	10	
			0.099124	0.16					0.099124	10	
			0.099128	0.16					0.099128	8	
			0.099132	0.164					0.099132	10	
			0.099136	0.164					0.099136	10	
			0.09914	0.164					0.09914	10	
			0.099144	0.156					0.099144	10	
			0.099148	0.156					0.099148	8	
			0.099152	0.16					0.099152	10	
			0.099156	0.148					0.099156	10	
			0.09916	0.156					0.09916	10	
			0.099164	0.16					0.099164	8	
			0.099168	0.152					0.099168	8	
			0.099172	0.152					0.099172	10	
			0.099176	0.152					0.099176	8	
			0.09918	0.144					0.09918	8	
			0.099184	0.144					0.099184	8	
			0.099188	0.144					0.099188	8	
			0.099192	0.152					0.099192	8	
			0.099196	0.136					0.099196	10	
			0.0992	0.132					0.0992	8	
			0.099204	0.14					0.099204	8	
			0.099208	0.132					0.099208	8	
			0.099212	0.128					0.099212	8	
			0.099216	0.128					0.099216	10	
			0.09922	0.12					0.09922	8	
			0.099224	0.128					0.099224	8	
			0.099228	0.112					0.099228	8	
			0.099232	0.12					0.099232	10	
			0.099236	0.116					0.099236	8	
			0.09924	0.112					0.09924	8	
			0.099244	0.104					0.099244	8	
			0.099248	0.116					0.099248	10	
			0.099252	0.104					0.099252	8	
			0.099256	0.104					0.099256	8	
			0.09926	0.108					0.09926	8	
			0.099264	0.1					0.099264	8	
			0.099268	0.096					0.099268	8	
			0.099272	0.092					0.099272	8	
			0.099276	0.096					0.099276	8	
			0.09928	0.096					0.09928	10	
			0.099284	0.092					0.099284	8	
			0.099288	0.096					0.099288	8	
			0.099292	0.092					0.099292	8	
			0.099296	0.096					0.099296	8	
			0.0993	0.096					0.0993	8	
			0.099304	0.092					0.099304	8	
			0.099308	0.096					0.099308	8	
			0.099312	0.088					0.099312	8	
			0.099316	0.08					0.099316	8	
			0.09932	0.084					0.09932	8	
			0.099324	0.08					0.099324	8	
			0.099328	0.084					0.099328	8	
			0.099332	0.084					0.099332	8	
			0.099336	0.084					0.099336	8	
			0.09934	0.08					0.09934	8	
			0.099344	0.08					0.099344	8	
			0.099348	0.072					0.099348	8	
			0.099352	0.08					0.099352	8	
			0.099356	0.064					0.099356	8	
			0.09936	0.08					0.09936	8	
			0.099364	0.076					0.099364	8	
			0.099368	0.076					0.099368	8	
			0.099372	0.068					0.099372	8	
			0.099376	0.072					0.099376	8	
			0.09938	0.072					0.09938	8	
			0.099384	0.072					0.099384	8	
			0.099388	0.072					0.099388	8	
			0.099392	0.076					0.099392	8	
			0.099396	0.072					0.099396	8	
			0.0994	0.068					0.0994	8	
			0.099404	0.072					0.099404	8	
			0.099408	0.06					0.099408	8	
			0.099412	0.064					0.099412	8	
			0.099416	0.068					0.099416	8	
			0.09942	0.064					0.09942	8	
			0.099424	0.056					0.099424	8	
			0.099428	0.064					0.099428	8	
			0.099432	0.068					0.099432	8	
			0.099436	0.06					0.099436	8	
			0.09944	0.06					0.09944	8	
			0.099444	0.06					0.099444	8	
			0.099448	0.056					0.099448	8	
			0.099452	0.056					0.099452	8	
			0.099456	0.056					0.099456	8	
			0.09946	0.056					0.09946	8	
			0.099464	0.048					0.099464	8	
			0.099468	0.06					0.099468	8	
			0.099472	0.06					0.099472	8	
			0.099476	0.064					0.099476	8	
			0.09948	0.064					0.09948	8	
			0.099484	0.064					0.099484	8	
			0.099488	0.04					0.099488	8	
			0.099492	0.052					0.099492	8	
			0.099496	0.052					0.099496	8	
			0.0995	0.056					0.0995	8	
			0.099504	0.048					0.099504	8	
			0.099508	0.052					0.099508	8	
			0.099512	0.06					0.099512	6	
			0.099516	0.056					0.099516	8	
			0.09952	0.048					0.09952	8	
			0.099524	0.052					0.099524	8	
			0.099528	0.052					0.099528	8	
			0.099532	0.052					0.099532	8	
			0.099536	0.048					0.099536	6	
			0.09954	0.056					0.09954	6	
			0.099544	0.048					0.099544	8	
			0.099548	0.052					0.099548	8	
			0.099552	0.052					0.099552	6	
			0.099556	0.04					0.099556	6	
			0.09956	0.048					0.09956	6	
			0.099564	0.04					0.099564	8	
			0.099568	0.04					0.099568	6	
			0.099572	0.044					0.099572	8	
			0.099576	0.044					0.099576	6	
			0.09958	0.044					0.09958	8	
			0.099584	0.052					0.099584	6	
			0.099588	0.04					0.099588	6	
			0.099592	0.044					0.099592	8	
			0.099596	0.048					0.099596	6	
			0.0996	0.04					0.0996	6	
			0.099604	0.036					0.099604	6	
			0.099608	0.048					0.099608	6	
			0.099612	0.044					0.099612	6	
			0.099616	0.04					0.099616	8	
			0.09962	0.044					0.09962	6	
			0.099624	0.044					0.099624	8	
			0.099628	0.04					0.099628	6	
			0.099632	0.048					0.099632	6	
			0.099636	0.036					0.099636	6	
			0.09964	0.044					0.09964	6	
			0.099644	0.04					0.099644	6	
			0.099648	0.04					0.099648	8	
			0.099652	0.036					0.099652	6	
			0.099656	0.04					0.099656	6	
			0.09966	0.052					0.09966	6	
			0.099664	0.04					0.099664	8	
			0.099668	0.04					0.099668	6	
			0.099672	0.04					0.099672	6	
			0.099676	0.036					0.099676	6	
			0.09968	0.036					0.09968	6	
			0.099684	0.04					0.099684	6	
			0.099688	0.032					0.099688	6	
			0.099692	0.044					0.099692	6	
			0.099696	0.04					0.099696	6	
			0.0997	0.04					0.0997	6	
			0.099704	0.036					0.099704	6	
			0.099708	0.036					0.099708	6	
			0.099712	0.032					0.099712	6	
			0.099716	0.04					0.099716	6	
			0.09972	0.036					0.09972	6	
			0.099724	0.04					0.099724	6	
			0.099728	0.032					0.099728	8	
			0.099732	0.036					0.099732	6	
			0.099736	0.04					0.099736	6	
			0.09974	0.044					0.09974	6	
			0.099744	0.032					0.099744	6	
			0.099748	0.04					0.099748	6	
			0.099752	0.04					0.099752	6	
			0.099756	0.044					0.099756	6	
			0.09976	0.036					0.09976	6	
			0.099764	0.04					0.099764	6	
			0.099768	0.04					0.099768	4	
			0.099772	0.04					0.099772	6	
			0.099776	0.04					0.099776	6	
			0.09978	0.036					0.09978	4	
			0.099784	0.028					0.099784	4	
			0.099788	0.044					0.099788	6	
			0.099792	0.028					0.099792	6	
			0.099796	0.04					0.099796	6	
			0.0998	0.036					0.0998	6	
			0.099804	0.036					0.099804	6	
			0.099808	0.04					0.099808	6	
			0.099812	0.036					0.099812	6	
			0.099816	0.04					0.099816	6	
			0.09982	0.028					0.09982	4	
			0.099824	0.032					0.099824	4	
			0.099828	0.04					0.099828	6	
			0.099832	0.036					0.099832	6	
			0.099836	0.036					0.099836	4	
			0.09984	0.036					0.09984	4	
			0.099844	0.036					0.099844	6	
			0.099848	0.036					0.099848	4	
			0.099852	0.032					0.099852	4	
			0.099856	0.036					0.099856	4	
			0.09986	0.032					0.09986	4	
			0.099864	0.036					0.099864	4	
			0.099868	0.032					0.099868	4	
			0.099872	0.028					0.099872	6	
			0.099876	0.036					0.099876	4	
			0.09988	0.04					0.09988	4	
			0.099884	0.036					0.099884	4	
			0.099888	0.028					0.099888	4	
			0.099892	0.044					0.099892	4	
			0.099896	0.032					0.099896	6	
			0.0999	0.028					0.0999	4	
			0.099904	0.028					0.099904	4	
			0.099908	0.036					0.099908	4	
			0.099912	0.032					0.099912	4	
			0.099916	0.036					0.099916	4	
			0.09992	0.028					0.09992	4	
			0.099924	0.032					0.099924	4	
			0.099928	0.036					0.099928	4	
			0.099932	0.04					0.099932	4	
			0.099936	0.032					0.099936	4	
			0.09994	0.024					0.09994	4	
			0.099944	0.032					0.099944	4	
			0.099948	0.04					0.099948	4	
			0.099952	0.036					0.099952	4	
			0.099956	0.04					0.099956	4	
			0.09996	0.032					0.09996	4	
			0.099964	0.036					0.099964	4	
			0.099968	0.032					0.099968	4	
			0.099972	0.04					0.099972	4	
			0.099976	0.032					0.099976	4	
			0.09998	0.032					0.09998	4	
			0.099984	0.036					0.099984	4	
			0.099988	0.032					0.099988	4	
			0.099992	0.028					0.099992	4	
			0.099996	0.028					0.099996	4	
			0.1	0.036					0.1	4	
			0.100004	0.032					0.100004	4	
			0.100008	0.028					0.100008	4	
			0.100012	0.036					0.100012	2	
			0.100016	0.024					0.100016	4	
			0.10002	0.032					0.10002	4	
			0.100024	0.028					0.100024	4	
			0.100028	0.032					0.100028	4	
			0.100032	0.024					0.100032	4	
			0.100036	0.036					0.100036	4	
			0.10004	0.032					0.10004	4	
			0.100044	0.028					0.100044	4	
			0.100048	0.028					0.100048	4	
			0.100052	0.02					0.100052	2	
			0.100056	0.036					0.100056	4	
			0.10006	0.032					0.10006	2	
			0.100064	0.04					0.100064	2	
			0.100068	0.032					0.100068	4	
			0.100072	0.032					0.100072	4	
			0.100076	0.032					0.100076	2	
			0.10008	0.024					0.10008	4	
			0.100084	0.028					0.100084	2	
			0.100088	0.032					0.100088	4	
			0.100092	0.036					0.100092	2	
			0.100096	0.028					0.100096	2	
			0.1001	0.028					0.1001	4	
			0.100104	0.032					0.100104	4	
			0.100108	0.028					0.100108	2	
			0.100112	0.036					0.100112	2	
			0.100116	0.032					0.100116	4	
			0.10012	0.032					0.10012	4	
			0.100124	0.024					0.100124	2	
			0.100128	0.032					0.100128	4	
			0.100132	0.032					0.100132	2	
			0.100136	0.02					0.100136	4	
			0.10014	0.032					0.10014	2	
			0.100144	0.028					0.100144	2	
			0.100148	0.028					0.100148	2	
			0.100152	0.024					0.100152	2	
			0.100156	0.028					0.100156	2	
			0.10016	0.032					0.10016	2	
			0.100164	0.024					0.100164	4	
			0.100168	0.028					0.100168	2	
			0.100172	0.016					0.100172	2	
			0.100176	0.024					0.100176	2	
			0.10018	0.028					0.10018	2	
			0.100184	0.024					0.100184	2	
			0.100188	0.032					0.100188	4	
			0.100192	0.028					0.100192	2	
			0.100196	0.024					0.100196	2	
			0.1002	0.028					0.1002	2	
			0.100204	0.02					0.100204	2	
			0.100208	0.02					0.100208	2	
			0.100212	0.016					0.100212	2	
			0.100216	0.02					0.100216	2	
			0.10022	0.028					0.10022	2	
			0.100224	0.028					0.100224	2	
			0.100228	0.028					0.100228	2	
			0.100232	0.028					0.100232	2	
			0.100236	0.02					0.100236	2	
			0.10024	0.016					0.10024	2	
			0.100244	0.032					0.100244	2	
			0.100248	0.024					0.100248	2	
			0.100252	0.032					0.100252	2	
			0.100256	0.016					0.100256	2	
			0.10026	0.016					0.10026	2	
			0.100264	0.016					0.100264	2	
			0.100268	0.028					0.100268	2	
			0.100272	0.024					0.100272	2	
			0.100276	0.016					0.100276	2	
			0.10028	0.024					0.10028	2	
			0.100284	0.028					0.100284	2	
			0.100288	0.028					0.100288	0	
			0.100292	0.02					0.100292	2	
			0.100296	0.016					0.100296	2	
			0.1003	0.016					0.1003	2	
			0.100304	0.02					0.100304	2	
			0.100308	0.028					0.100308	2	
			0.100312	0.024					0.100312	2	
			0.100316	0.012					0.100316	2	
			0.10032	0.024					0.10032	2	
			0.100324	0.02					0.100324	2	
			0.100328	0.02					0.100328	2	
			0.100332	0.02					0.100332	2	
			0.100336	0.02					0.100336	2	
			0.10034	0.016					0.10034	2	
			0.100344	0.02					0.100344	2	
			0.100348	0.024					0.100348	2	
			0.100352	0.02					0.100352	2	
			0.100356	0.016					0.100356	0	
			0.10036	0.02					0.10036	2	
			0.100364	0.02					0.100364	2	
			0.100368	0.016					0.100368	2	
			0.100372	0.016					0.100372	2	
			0.100376	0.016					0.100376	0	
			0.10038	0.02					0.10038	0	
			0.100384	0.02					0.100384	2	
			0.100388	0.024					0.100388	2	
			0.100392	0.016					0.100392	0	
			0.100396	0.028					0.100396	2	
			0.1004	0.02					0.1004	2	
			0.100404	0.016					0.100404	0	
			0.100408	0.024					0.100408	0	
			0.100412	0.016					0.100412	0	
			0.100416	0.024					0.100416	2	
			0.10042	0.024					0.10042	2	
			0.100424	0.012					0.100424	2	
			0.100428	0.024					0.100428	2	
			0.100432	0.012					0.100432	2	
			0.100436	0.024					0.100436	0	
			0.10044	0.02					0.10044	2	
			0.100444	0.012					0.100444	2	
			0.100448	0.024					0.100448	2	
			0.100452	0.024					0.100452	2	
			0.100456	0.012					0.100456	0	
			0.10046	0.016					0.10046	2	
			0.100464	0.016					0.100464	2	
			0.100468	0.016					0.100468	2	
			0.100472	0.016					0.100472	0	
			0.100476	0.012					0.100476	0	
			0.10048	0.02					0.10048	0	
			0.100484	0.008					0.100484	2	
			0.100488	0.016					0.100488	0	
			0.100492	0.012					0.100492	2	
			0.100496	0.012					0.100496	0	
			0.1005	0.016					0.1005	0	
			0.100504	0.012					0.100504	2	
			0.100508	0.02					0.100508	2	
			0.100512	0.012					0.100512	0	
			0.100516	0.012					0.100516	0	
			0.10052	0.016					0.10052	0	
			0.100524	0.016					0.100524	0	
			0.100528	0.024					0.100528	0	
			0.100532	0.008					0.100532	0	
			0.100536	0.012					0.100536	0	
			0.10054	0.016					0.10054	0	
			0.100544	0.012					0.100544	0	
			0.100548	0.02					0.100548	0	
			0.100552	0.02					0.100552	0	
			0.100556	0.02					0.100556	0	
			0.10056	0.012					0.10056	0	
			0.100564	0.02					0.100564	0	
			0.100568	0.02					0.100568	0	
			0.100572	0.008					0.100572	0	
			0.100576	0.02					0.100576	0	
			0.10058	0.02					0.10058	0	
			0.100584	0.02					0.100584	0	
			0.100588	0.012					0.100588	0	
			0.100592	0.012					0.100592	0	
			0.100596	0.02					0.100596	0	
			0.1006	0.012					0.1006	0	
			0.100604	0.016					0.100604	0	
			0.100608	0.028					0.100608	0	
			0.100612	0.016					0.100612	0	
			0.100616	0.012					0.100616	0	
			0.10062	0.008					0.10062	0	
			0.100624	0.016					0.100624	0	
			0.100628	0.012					0.100628	0	
			0.100632	0.016					0.100632	0	
			0.100636	0.016					0.100636	0	
			0.10064	0.02					0.10064	0	
			0.100644	0.016					0.100644	0	
			0.100648	0.012					0.100648	0	
			0.100652	0.02					0.100652	0	
			0.100656	0.016					0.100656	-2	
			0.10066	0.012					0.10066	0	
			0.100664	0.012					0.100664	0	
			0.100668	0.02					0.100668	-2	
			0.100672	0.016					0.100672	0	
			0.100676	0.008					0.100676	-2	
			0.10068	0.016					0.10068	0	
			0.100684	0.008					0.100684	0	
			0.100688	0.016					0.100688	-2	
			0.100692	0.012					0.100692	0	
			0.100696	0.012					0.100696	-2	
			0.1007	0.012					0.1007	-2	
			0.100704	0.012					0.100704	0	
			0.100708	0.012					0.100708	-2	
			0.100712	0.012					0.100712	0	
			0.100716	0.008					0.100716	0	
			0.10072	0.012					0.10072	-2	
			0.100724	0.016					0.100724	0	
			0.100728	0.02					0.100728	-2	
			0.100732	0.016					0.100732	0	
			0.100736	0.012					0.100736	-2	
			0.10074	0.016					0.10074	-2	
			0.100744	0.02					0.100744	-2	
			0.100748	0.016					0.100748	-2	
			0.100752	0.008					0.100752	-2	
			0.100756	0.012					0.100756	-2	
			0.10076	0.012					0.10076	-2	
			0.100764	0.016					0.100764	-2	
			0.100768	0.016					0.100768	0	
			0.100772	0.012					0.100772	-2	
			0.100776	0.016					0.100776	-2	
			0.10078	0.008					0.10078	-2	
			0.100784	0.012					0.100784	-2	
			0.100788	0.016					0.100788	-2	
			0.100792	0.012					0.100792	-2	
			0.100796	0.012					0.100796	-2	
			0.1008	0.016					0.1008	-2	
			0.100804	0.008					0.100804	-2	
			0.100808	0.016					0.100808	-2	
			0.100812	0.016					0.100812	-2	
			0.100816	0.012					0.100816	-2	
			0.10082	0.016					0.10082	-2	
			0.100824	0.012					0.100824	-2	
			0.100828	0.012					0.100828	-2	
			0.100832	0.016					0.100832	-2	
			0.100836	0.012					0.100836	-2	
			0.10084	0.008					0.10084	-2	
			0.100844	0.008					0.100844	-2	
			0.100848	0.016					0.100848	-2	
			0.100852	0.008					0.100852	-2	
			0.100856	0.008					0.100856	-2	
			0.10086	0.012					0.10086	-2	
			0.100864	0.012					0.100864	-2	
			0.100868	0.012					0.100868	-2	
			0.100872	0.012					0.100872	-2	
			0.100876	0.016					0.100876	-2	
			0.10088	0.012					0.10088	-2	
			0.100884	0.012					0.100884	-2	
			0.100888	0.008					0.100888	-2	
			0.100892	0.008					0.100892	-2	
			0.100896	0.016					0.100896	-2	
			0.1009	0.008					0.1009	-2	
			0.100904	0.012					0.100904	-2	
			0.100908	0.012					0.100908	-2	
			0.100912	0.016					0.100912	-2	
			0.100916	0.02					0.100916	-2	
			0.10092	0.008					0.10092	-2	
			0.100924	0.012					0.100924	-2	
			0.100928	0.008					0.100928	-2	
			0.100932	0.012					0.100932	-2	
			0.100936	0.012					0.100936	-2	
			0.10094	0.008					0.10094	-2	
			0.100944	0.012					0.100944	-2	
			0.100948	0.012					0.100948	-2	
			0.100952	0.012					0.100952	-2	
			0.100956	0.012					0.100956	-2	
			0.10096	0.012					0.10096	-2	
			0.100964	0.012					0.100964	-2	
			0.100968	0.008					0.100968	-2	
			0.100972	0.012					0.100972	-2	
			0.100976	0.008					0.100976	-2	
			0.10098	0.016					0.10098	-2	
			0.100984	0.012					0.100984	-2	
			0.100988	0.004					0.100988	-2	
			0.100992	0.016					0.100992	-4	
			0.100996	0.012					0.100996	-4	
			0.101	0.008					0.101	-2	
			0.101004	0.008					0.101004	-2	
			0.101008	0.02					0.101008	-2	
			0.101012	0.012					0.101012	-2	
			0.101016	0.004					0.101016	-2	
			0.10102	0.012					0.10102	-2	
			0.101024	0.012					0.101024	-2	
			0.101028	0.016					0.101028	-2	
			0.101032	0.012					0.101032	-2	
			0.101036	0.004					0.101036	-4	
			0.10104	0.008					0.10104	-4	
			0.101044	0.016					0.101044	-2	
			0.101048	0.012					0.101048	-2	
			0.101052	0.016					0.101052	-4	
			0.101056	0.012					0.101056	-2	
			0.10106	0.012					0.10106	-4	
			0.101064	0.008					0.101064	-2	
			0.101068	0.008					0.101068	-2	
			0.101072	0.016					0.101072	-2	
			0.101076	0.012					0.101076	-2	
			0.10108	0.004					0.10108	-2	
			0.101084	0.012					0.101084	-4	
			0.101088	0.008					0.101088	-4	
			0.101092	0.012					0.101092	-2	
			0.101096	0.004					0.101096	-4	
			0.1011	0.012					0.1011	-4	
			0.101104	0.012					0.101104	-4	
			0.101108	0.008					0.101108	-4	
			0.101112	0.012					0.101112	-2	
			0.101116	0.004					0.101116	-4	
			0.10112	0.012					0.10112	-4	
			0.101124	0.012					0.101124	-4	
			0.101128	0.008					0.101128	-4	
			0.101132	0.012					0.101132	-2	
			0.101136	0.008					0.101136	-4	
			0.10114	0.012					0.10114	-4	
			0.101144	0.012					0.101144	-4	
			0.101148	0.012					0.101148	-2	
			0.101152	0.016					0.101152	-4	
			0.101156	0.008					0.101156	-4	
			0.10116	0.012					0.10116	-4	
			0.101164	0.012					0.101164	-4	
			0.101168	0.008					0.101168	-4	
			0.101172	0.008					0.101172	-4	
			0.101176	0.008					0.101176	-4	
			0.10118	0.012					0.10118	-4	
			0.101184	0.012					0.101184	-4	
			0.101188	0.012					0.101188	-4	
			0.101192	0.016					0.101192	-4	
			0.101196	0.012					0.101196	-4	
			0.1012	0.012					0.1012	-4	
			0.101204	0.012					0.101204	-4	
			0.101208	0.008					0.101208	-4	
			0.101212	0.012					0.101212	-4	
			0.101216	0.008					0.101216	-4	
			0.10122	0.02					0.10122	-4	
			0.101224	0.012					0.101224	-4	
			0.101228	0.008					0.101228	-4	
			0.101232	0.008					0.101232	-4	
			0.101236	0.008					0.101236	-4	
			0.10124	0.008					0.10124	-4	
			0.101244	0.004					0.101244	-4	
			0.101248	0.012					0.101248	-4	
			0.101252	0.012					0.101252	-6	
			0.101256	0.008					0.101256	-4	
			0.10126	0.012					0.10126	-4	
			0.101264	0.008					0.101264	-4	
			0.101268	0.016					0.101268	-4	
			0.101272	0.008					0.101272	-6	
			0.101276	0.008					0.101276	-4	
			0.10128	0.012					0.10128	-4	
			0.101284	0.012					0.101284	-6	
			0.101288	0.016					0.101288	-4	
			0.101292	0.016					0.101292	-6	
			0.101296	0.008					0.101296	-4	
			0.1013	0.012					0.1013	-6	
			0.101304	0.008					0.101304	-6	
			0.101308	0.012					0.101308	-4	
			0.101312	0.024					0.101312	-6	
			0.101316	0.004					0.101316	-6	
			0.10132	0.012					0.10132	-4	
			0.101324	0.008					0.101324	-4	
			0.101328	0.012					0.101328	-6	
			0.101332	0.016					0.101332	-6	
			0.101336	0.012					0.101336	-4	
			0.10134	0.012					0.10134	-4	
			0.101344	0.008					0.101344	-4	
			0.101348	0.008					0.101348	-4	
			0.101352	0.008					0.101352	-6	
			0.101356	0.012					0.101356	-4	
			0.10136	0.012					0.10136	-4	
			0.101364	0.008					0.101364	-6	
			0.101368	0.008					0.101368	-6	
			0.101372	0.004					0.101372	-6	
			0.101376	0.012					0.101376	-6	
			0.10138	0.008					0.10138	-6	
			0.101384	0.008					0.101384	-6	
			0.101388	0.008					0.101388	-6	
			0.101392	0.008					0.101392	-6	
			0.101396	0.012					0.101396	-6	
			0.1014	0.008					0.1014	-6	
			0.101404	0.012					0.101404	-6	
			0.101408	0.012					0.101408	-6	
			0.101412	0.008					0.101412	-6	
			0.101416	0.016					0.101416	-6	
			0.10142	0.02					0.10142	-6	
			0.101424	0.02					0.101424	-6	
			0.101428	0.012					0.101428	-6	
			0.101432	0.012					0.101432	-6	
			0.101436	0.012					0.101436	-6	
			0.10144	0.008					0.10144	-6	
			0.101444	0.012					0.101444	-6	
			0.101448	0.008					0.101448	-6	
			0.101452	0.008					0.101452	-6	
			0.101456	0.012					0.101456	-6	
			0.10146	0.012					0.10146	-6	
			0.101464	0.016					0.101464	-6	
			0.101468	0.012					0.101468	-4	
			0.101472	0.016					0.101472	-6	
			0.101476	0.008					0.101476	-6	
			0.10148	0.016					0.10148	-6	
			0.101484	0.016					0.101484	-6	
			0.101488	0.016					0.101488	-6	
			0.101492	0.012					0.101492	-6	
			0.101496	0.008					0.101496	-6	
			0.1015	0.004					0.1015	-6	
			0.101504	0.012					0.101504	-6	
			0.101508	0.02					0.101508	-6	
			0.101512	0.012					0.101512	-6	
			0.101516	0.016					0.101516	-6	
			0.10152	0.016					0.10152	-6	
			0.101524	0.012					0.101524	-6	
			0.101528	0.012					0.101528	-6	
			0.101532	0.016					0.101532	-6	
			0.101536	0.008					0.101536	-6	
			0.10154	0.02					0.10154	-6	
			0.101544	0.012					0.101544	-6	
			0.101548	0.012					0.101548	-6	
			0.101552	0.016					0.101552	-6	
			0.101556	0.016					0.101556	-6	
			0.10156	0.012					0.10156	-6	
			0.101564	0.02					0.101564	-6	
			0.101568	0.02					0.101568	-6	
			0.101572	0.012					0.101572	-6	
			0.101576	0.012					0.101576	-6	
			0.10158	0.012					0.10158	-6	
			0.101584	0.012					0.101584	-6	
			0.101588	0.016					0.101588	-6	
			0.101592	0.016					0.101592	-6	
			0.101596	0.012					0.101596	-6	
			0.1016	0.012					0.1016	-6	
			0.101604	0.024					0.101604	-6	
			0.101608	0.016					0.101608	-6	
			0.101612	0.016					0.101612	-6	
			0.101616	0.016					0.101616	-6	
			0.10162	0.016					0.10162	-6	
			0.101624	0.012					0.101624	-6	
			0.101628	0.016					0.101628	-6	
			0.101632	0.012					0.101632	-8	
			0.101636	0.012					0.101636	-6	
			0.10164	0.016					0.10164	-6	
			0.101644	0.02					0.101644	-8	
			0.101648	0.012					0.101648	-8	
			0.101652	0.016					0.101652	-8	
			0.101656	0.016					0.101656	-6	
			0.10166	0.008					0.10166	-8	
			0.101664	0.012					0.101664	-6	
			0.101668	0.02					0.101668	-8	
			0.101672	0.008					0.101672	-6	
			0.101676	0.012					0.101676	-8	
			0.10168	0.008					0.10168	-8	
			0.101684	0.008					0.101684	-8	
			0.101688	0.02					0.101688	-8	
			0.101692	0.012					0.101692	-8	
			0.101696	0.004					0.101696	-8	
			0.1017	0.02					0.1017	-8	
			0.101704	0.012					0.101704	-8	
			0.101708	0.02					0.101708	-6	
			0.101712	0.02					0.101712	-6	
			0.101716	0.02					0.101716	-6	
			0.10172	0.02					0.10172	-6	
			0.101724	0.012					0.101724	-8	
			0.101728	0.016					0.101728	-8	
			0.101732	0.02					0.101732	-8	
			0.101736	0.02					0.101736	-8	
			0.10174	0.012					0.10174	-8	
			0.101744	0.016					0.101744	-8	
			0.101748	0.02					0.101748	-6	
			0.101752	0.02					0.101752	-8	
			0.101756	0.02					0.101756	-8	
			0.10176	0.012					0.10176	-8	
			0.101764	0.012					0.101764	-8	
			0.101768	0.016					0.101768	-8	
			0.101772	0.02					0.101772	-8	
			0.101776	0.016					0.101776	-8	
			0.10178	0.012					0.10178	-8	
			0.101784	0.016					0.101784	-8	
			0.101788	0.016					0.101788	-8	
			0.101792	0.02					0.101792	-8	
			0.101796	0.016					0.101796	-8	
			0.1018	0.016					0.1018	-8	
			0.101804	0.02					0.101804	-10	
			0.101808	0.02					0.101808	-8	
			0.101812	0.02					0.101812	-8	
			0.101816	0.028					0.101816	-8	
			0.10182	0.024					0.10182	-8	
			0.101824	0.016					0.101824	-8	
			0.101828	0.016					0.101828	-8	
			0.101832	0.02					0.101832	-8	
			0.101836	0.02					0.101836	-8	
			0.10184	0.016					0.10184	-8	
			0.101844	0.024					0.101844	-8	
			0.101848	0.02					0.101848	-8	
			0.101852	0.02					0.101852	-8	
			0.101856	0.016					0.101856	-8	
			0.10186	0.028					0.10186	-8	
			0.101864	0.012					0.101864	-8	
			0.101868	0.016					0.101868	-8	
			0.101872	0.024					0.101872	-10	
			0.101876	0.02					0.101876	-8	
			0.10188	0.02					0.10188	-8	
			0.101884	0.024					0.101884	-8	
			0.101888	0.012					0.101888	-8	
			0.101892	0.012					0.101892	-8	
			0.101896	0.02					0.101896	-8	
			0.1019	0.024					0.1019	-8	
			0.101904	0.028					0.101904	-8	
			0.101908	0.02					0.101908	-8	
			0.101912	0.02					0.101912	-8	
			0.101916	0.024					0.101916	-10	
			0.10192	0.012					0.10192	-8	
			0.101924	0.02					0.101924	-8	
			0.101928	0.02					0.101928	-8	
			0.101932	0.028					0.101932	-10	
			0.101936	0.028					0.101936	-8	
			0.10194	0.028					0.10194	-10	
			0.101944	0.028					0.101944	-10	
			0.101948	0.02					0.101948	-8	
			0.101952	0.024					0.101952	-10	
			0.101956	0.028					0.101956	-10	
			0.10196	0.028					0.10196	-10	
			0.101964	0.016					0.101964	-10	
			0.101968	0.02					0.101968	-10	
			0.101972	0.028					0.101972	-8	
			0.101976	0.02					0.101976	-8	
			0.10198	0.024					0.10198	-10	
			0.101984	0.028					0.101984	-8	
			0.101988	0.024					0.101988	-10	
			0.101992	0.016					0.101992	-10	
			0.101996	0.028					0.101996	-10	
			0.102	0.024					0.102	-10	
			0.102004	0.028					0.102004	-10	
			0.102008	0.036					0.102008	-10	
			0.102012	0.028					0.102012	-10	
			0.102016	0.036					0.102016	-10	
			0.10202	0.028					0.10202	-10	
			0.102024	0.032					0.102024	-10	
			0.102028	0.024					0.102028	-10	
			0.102032	0.036					0.102032	-10	
			0.102036	0.028					0.102036	-8	
			0.10204	0.024					0.10204	-10	
			0.102044	0.028					0.102044	-10	
			0.102048	0.032					0.102048	-10	
			0.102052	0.028					0.102052	-10	
			0.102056	0.024					0.102056	-10	
			0.10206	0.028					0.10206	-10	
			0.102064	0.032					0.102064	-10	
			0.102068	0.036					0.102068	-10	
			0.102072	0.024					0.102072	-10	
			0.102076	0.044					0.102076	-10	
			0.10208	0.036					0.10208	-10	
			0.102084	0.04					0.102084	-10	
			0.102088	0.028					0.102088	-10	
			0.102092	0.04					0.102092	-10	
			0.102096	0.04					0.102096	-10	
			0.1021	0.036					0.1021	-10	
			0.102104	0.032					0.102104	-10	
			0.102108	0.04					0.102108	-10	
			0.102112	0.044					0.102112	-10	
			0.102116	0.04					0.102116	-10	
			0.10212	0.044					0.10212	-10	
			0.102124	0.04					0.102124	-10	
			0.102128	0.032					0.102128	-10	
			0.102132	0.04					0.102132	-10	
			0.102136	0.036					0.102136	-10	
			0.10214	0.04					0.10214	-10	
			0.102144	0.04					0.102144	-10	
			0.102148	0.04					0.102148	-10	
			0.102152	0.04					0.102152	-10	
			0.102156	0.044					0.102156	-10	
			0.10216	0.04					0.10216	-10	
			0.102164	0.052					0.102164	-10	
			0.102168	0.052					0.102168	-10	
			0.102172	0.044					0.102172	-10	
			0.102176	0.052					0.102176	-10	
			0.10218	0.056					0.10218	-10	
			0.102184	0.052					0.102184	-10	
			0.102188	0.052					0.102188	-10	
			0.102192	0.06					0.102192	-10	
			0.102196	0.06					0.102196	-10	
			0.1022	0.064					0.1022	-10	
			0.102204	0.064					0.102204	-10	
			0.102208	0.064					0.102208	-10	
			0.102212	0.068					0.102212	-10	
			0.102216	0.064					0.102216	-10	
			0.10222	0.072					0.10222	-10	
			0.102224	0.068					0.102224	-10	
			0.102228	0.076					0.102228	-10	
			0.102232	0.076					0.102232	-10	
			0.102236	0.072					0.102236	-10	
			0.10224	0.072					0.10224	-10	
			0.102244	0.072					0.102244	-10	
			0.102248	0.08					0.102248	-10	
			0.102252	0.068					0.102252	-10	
			0.102256	0.08					0.102256	-10	
			0.10226	0.08					0.10226	-10	
			0.102264	0.084					0.102264	-10	
			0.102268	0.088					0.102268	-10	
			0.102272	0.092					0.102272	-10	
			0.102276	0.08					0.102276	-10	
			0.10228	0.088					0.10228	-10	
			0.102284	0.092					0.102284	-10	
			0.102288	0.096					0.102288	-10	
			0.102292	0.088					0.102292	-10	
			0.102296	0.096					0.102296	-10	
			0.1023	0.092					0.1023	-10	
			0.102304	0.1					0.102304	-10	
			0.102308	0.1					0.102308	-10	
			0.102312	0.104					0.102312	-10	
			0.102316	0.104					0.102316	-10	
			0.10232	0.108					0.10232	-10	
			0.102324	0.112					0.102324	-10	
			0.102328	0.112					0.102328	-10	
			0.102332	0.116					0.102332	-10	
			0.102336	0.116					0.102336	-10	
			0.10234	0.12					0.10234	-12	
			0.102344	0.12					0.102344	-12	
			0.102348	0.12					0.102348	-12	
			0.102352	0.124					0.102352	-10	
			0.102356	0.132					0.102356	-12	
			0.10236	0.136					0.10236	-12	
			0.102364	0.132					0.102364	-10	
			0.102368	0.136					0.102368	-10	
			0.102372	0.14					0.102372	-10	
			0.102376	0.14					0.102376	-10	
			0.10238	0.148					0.10238	-10	
			0.102384	0.156					0.102384	-10	
			0.102388	0.152					0.102388	-10	
			0.102392	0.152					0.102392	-12	
			0.102396	0.164					0.102396	-10	
			0.1024	0.164					0.1024	-10	
			0.102404	0.168					0.102404	-12	
			0.102408	0.18					0.102408	-10	
			0.102412	0.168					0.102412	-12	
			0.102416	0.196					0.102416	-12	
			0.10242	0.2					0.10242	-12	
			0.102424	0.196					0.102424	-12	
			0.102428	0.2					0.102428	-12	
			0.102432	0.204					0.102432	-12	
			0.102436	0.216					0.102436	-12	
			0.10244	0.212					0.10244	-12	
			0.102444	0.208					0.102444	-12	
			0.102448	0.22					0.102448	-10	
			0.102452	0.236					0.102452	-10	
			0.102456	0.228					0.102456	-12	
			0.10246	0.248					0.10246	-12	
			0.102464	0.248					0.102464	-12	
			0.102468	0.24					0.102468	-12	
			0.102472	0.248					0.102472	-10	
			0.102476	0.248					0.102476	-12	
			0.10248	0.268					0.10248	-12	
			0.102484	0.268					0.102484	-12	
			0.102488	0.272					0.102488	-12	
			0.102492	0.272					0.102492	-10	
			0.102496	0.272					0.102496	-12	
			0.1025	0.272					0.1025	-12	
			0.102504	0.276					0.102504	-12	
			0.102508	0.28					0.102508	-12	
			0.102512	0.284					0.102512	-12	
			0.102516	0.284					0.102516	-12	
			0.10252	0.284					0.10252	-12	
			0.102524	0.284					0.102524	-10	
			0.102528	0.292					0.102528	-12	
			0.102532	0.292					0.102532	-12	
			0.102536	0.276					0.102536	-12	
			0.10254	0.284					0.10254	-12	
			0.102544	0.296					0.102544	-12	
			0.102548	0.3					0.102548	-12	
			0.102552	0.292					0.102552	-12	
			0.102556	0.3					0.102556	-12	
			0.10256	0.296					0.10256	-12	
			0.102564	0.292					0.102564	-12	
			0.102568	0.288					0.102568	-12	
			0.102572	0.288					0.102572	-12	
			0.102576	0.288					0.102576	-12	
			0.10258	0.288					0.10258	-12	
			0.102584	0.288					0.102584	-12	
			0.102588	0.284					0.102588	-14	
			0.102592	0.288					0.102592	-12	
			0.102596	0.292					0.102596	-12	
			0.1026	0.276					0.1026	-12	
			0.102604	0.288					0.102604	-12	
			0.102608	0.296					0.102608	-12	
			0.102612	0.28					0.102612	-12	
			0.102616	0.284					0.102616	-12	
			0.10262	0.284					0.10262	-12	
			0.102624	0.284					0.102624	-14	
			0.102628	0.276					0.102628	-14	
			0.102632	0.276					0.102632	-12	
			0.102636	0.268					0.102636	-14	
			0.10264	0.272					0.10264	-12	
			0.102644	0.264					0.102644	-12	
			0.102648	0.268					0.102648	-12	
			0.102652	0.276					0.102652	-12	
			0.102656	0.264					0.102656	-12	
			0.10266	0.268					0.10266	-12	
			0.102664	0.272					0.102664	-12	
			0.102668	0.268					0.102668	-12	
			0.102672	0.272					0.102672	-14	
			0.102676	0.272					0.102676	-12	
			0.10268	0.284					0.10268	-14	
			0.102684	0.268					0.102684	-14	
			0.102688	0.276					0.102688	-14	
			0.102692	0.288					0.102692	-12	
			0.102696	0.28					0.102696	-14	
			0.1027	0.288					0.1027	-12	
			0.102704	0.28					0.102704	-14	
			0.102708	0.288					0.102708	-14	
			0.102712	0.28					0.102712	-14	
			0.102716	0.28					0.102716	-14	
			0.10272	0.28					0.10272	-14	
			0.102724	0.296					0.102724	-14	
			0.102728	0.28					0.102728	-14	
			0.102732	0.292					0.102732	-14	
			0.102736	0.284					0.102736	-14	
			0.10274	0.292					0.10274	-14	
			0.102744	0.28					0.102744	-14	
			0.102748	0.284					0.102748	-14	
			0.102752	0.292					0.102752	-14	
			0.102756	0.292					0.102756	-14	
			0.10276	0.288					0.10276	-14	
			0.102764	0.288					0.102764	-14	
			0.102768	0.288					0.102768	-14	
			0.102772	0.28					0.102772	-14	
			0.102776	0.284					0.102776	-14	
			0.10278	0.288					0.10278	-14	
			0.102784	0.296					0.102784	-14	
			0.102788	0.3					0.102788	-14	
			0.102792	0.292					0.102792	-14	
			0.102796	0.288					0.102796	-14	
			0.1028	0.276					0.1028	-14	
			0.102804	0.288					0.102804	-14	
			0.102808	0.284					0.102808	-14	
			0.102812	0.288					0.102812	-14	
			0.102816	0.288					0.102816	-14	
			0.10282	0.292					0.10282	-14	
			0.102824	0.288					0.102824	-14	
			0.102828	0.292					0.102828	-14	
			0.102832	0.296					0.102832	-14	
			0.102836	0.296					0.102836	-14	
			0.10284	0.288					0.10284	-16	
			0.102844	0.292					0.102844	-14	
			0.102848	0.292					0.102848	-14	
			0.102852	0.284					0.102852	-14	
			0.102856	0.288					0.102856	-14	
			0.10286	0.292					0.10286	-16	
			0.102864	0.288					0.102864	-16	
			0.102868	0.292					0.102868	-14	
			0.102872	0.28					0.102872	-14	
			0.102876	0.276					0.102876	-14	
			0.10288	0.296					0.10288	-14	
			0.102884	0.288					0.102884	-14	
			0.102888	0.292					0.102888	-14	
			0.102892	0.292					0.102892	-14	
			0.102896	0.296					0.102896	-16	
			0.1029	0.288					0.1029	-14	
			0.102904	0.296					0.102904	-14	
			0.102908	0.3					0.102908	-14	
			0.102912	0.296					0.102912	-14	
			0.102916	0.304					0.102916	-14	
			0.10292	0.308					0.10292	-16	
			0.102924	0.312					0.102924	-16	
			0.102928	0.316					0.102928	-14	
			0.102932	0.312					0.102932	-16	
			0.102936	0.324					0.102936	-16	
			0.10294	0.32					0.10294	-16	
			0.102944	0.316					0.102944	-14	
			0.102948	0.332					0.102948	-16	
			0.102952	0.324					0.102952	-16	
			0.102956	0.32					0.102956	-16	
			0.10296	0.32					0.10296	-14	
			0.102964	0.328					0.102964	-16	
			0.102968	0.316					0.102968	-14	
			0.102972	0.312					0.102972	-16	
			0.102976	0.324					0.102976	-16	
			0.10298	0.316					0.10298	-16	
			0.102984	0.324					0.102984	-16	
			0.102988	0.32					0.102988	-16	
			0.102992	0.324					0.102992	-16	
			0.102996	0.324					0.102996	-16	
			0.103	0.324					0.103	-16	
			0.103004	0.3					0.103004	-16	
			0.103008	0.316					0.103008	-16	
			0.103012	0.312					0.103012	-16	
			0.103016	0.312					0.103016	-16	
			0.10302	0.312					0.10302	-16	
			0.103024	0.3					0.103024	-16	
			0.103028	0.296					0.103028	-16	
			0.103032	0.292					0.103032	-16	
			0.103036	0.3					0.103036	-16	
			0.10304	0.296					0.10304	-16	
			0.103044	0.284					0.103044	-16	
			0.103048	0.284					0.103048	-16	
			0.103052	0.284					0.103052	-16	
			0.103056	0.276					0.103056	-16	
			0.10306	0.28					0.10306	-16	
			0.103064	0.272					0.103064	-16	
			0.103068	0.264					0.103068	-16	
			0.103072	0.26					0.103072	-16	
			0.103076	0.256					0.103076	-16	
			0.10308	0.256					0.10308	-16	
			0.103084	0.252					0.103084	-16	
			0.103088	0.256					0.103088	-16	
			0.103092	0.236					0.103092	-16	
			0.103096	0.228					0.103096	-16	
			0.1031	0.228					0.1031	-16	
			0.103104	0.224					0.103104	-16	
			0.103108	0.228					0.103108	-16	
			0.103112	0.212					0.103112	-16	
			0.103116	0.224					0.103116	-16	
			0.10312	0.212					0.10312	-16	
			0.103124	0.212					0.103124	-16	
			0.103128	0.208					0.103128	-16	
			0.103132	0.22					0.103132	-16	
			0.103136	0.204					0.103136	-16	
			0.10314	0.196					0.10314	-16	
			0.103144	0.208					0.103144	-16	
			0.103148	0.208					0.103148	-16	
			0.103152	0.196					0.103152	-16	
			0.103156	0.184					0.103156	-16	
			0.10316	0.192					0.10316	-16	
			0.103164	0.188					0.103164	-16	
			0.103168	0.184					0.103168	-16	
			0.103172	0.184					0.103172	-16	
			0.103176	0.188					0.103176	-16	
			0.10318	0.192					0.10318	-16	
			0.103184	0.188					0.103184	-16	
			0.103188	0.176					0.103188	-16	
			0.103192	0.18					0.103192	-16	
			0.103196	0.18					0.103196	-16	
			0.1032	0.176					0.1032	-16	
			0.103204	0.168					0.103204	-16	
			0.103208	0.18					0.103208	-16	
			0.103212	0.164					0.103212	-16	
			0.103216	0.164					0.103216	-16	
			0.10322	0.164					0.10322	-16	
			0.103224	0.168					0.103224	-16	
			0.103228	0.164					0.103228	-18	
			0.103232	0.164					0.103232	-16	
			0.103236	0.148					0.103236	-18	
			0.10324	0.148					0.10324	-16	
			0.103244	0.148					0.103244	-16	
			0.103248	0.152					0.103248	-16	
			0.103252	0.152					0.103252	-16	
			0.103256	0.14					0.103256	-18	
			0.10326	0.144					0.10326	-18	
			0.103264	0.136					0.103264	-18	
			0.103268	0.152					0.103268	-18	
			0.103272	0.14					0.103272	-18	
			0.103276	0.14					0.103276	-16	
			0.10328	0.128					0.10328	-18	
			0.103284	0.132					0.103284	-18	
			0.103288	0.124					0.103288	-18	
			0.103292	0.128					0.103292	-18	
			0.103296	0.12					0.103296	-16	
			0.1033	0.116					0.1033	-18	
			0.103304	0.108					0.103304	-18	
			0.103308	0.12					0.103308	-18	
			0.103312	0.112					0.103312	-18	
			0.103316	0.104					0.103316	-16	
			0.10332	0.116					0.10332	-18	
			0.103324	0.112					0.103324	-18	
			0.103328	0.108					0.103328	-18	
			0.103332	0.108					0.103332	-16	
			0.103336	0.108					0.103336	-18	
			0.10334	0.108					0.10334	-18	
			0.103344	0.104					0.103344	-18	
			0.103348	0.104					0.103348	-18	
			0.103352	0.096					0.103352	-18	
			0.103356	0.092					0.103356	-18	
			0.10336	0.088					0.10336	-18	
			0.103364	0.092					0.103364	-18	
			0.103368	0.092					0.103368	-18	
			0.103372	0.092					0.103372	-16	
			0.103376	0.088					0.103376	-18	
			0.10338	0.088					0.10338	-18	
			0.103384	0.08					0.103384	-18	
			0.103388	0.092					0.103388	-18	
			0.103392	0.08					0.103392	-18	
			0.103396	0.084					0.103396	-18	
			0.1034	0.084					0.1034	-18	
			0.103404	0.088					0.103404	-18	
			0.103408	0.08					0.103408	-18	
			0.103412	0.08					0.103412	-18	
			0.103416	0.084					0.103416	-18	
			0.10342	0.072					0.10342	-18	
			0.103424	0.08					0.103424	-18	
			0.103428	0.076					0.103428	-18	
			0.103432	0.072					0.103432	-18	
			0.103436	0.084					0.103436	-18	
			0.10344	0.068					0.10344	-18	
			0.103444	0.072					0.103444	-18	
			0.103448	0.072					0.103448	-18	
			0.103452	0.068					0.103452	-18	
			0.103456	0.072					0.103456	-18	
			0.10346	0.072					0.10346	-20	
			0.103464	0.068					0.103464	-18	
			0.103468	0.076					0.103468	-18	
			0.103472	0.068					0.103472	-18	
			0.103476	0.072					0.103476	-18	
			0.10348	0.068					0.10348	-18	
			0.103484	0.068					0.103484	-18	
			0.103488	0.068					0.103488	-18	
			0.103492	0.064					0.103492	-18	
			0.103496	0.06					0.103496	-18	
			0.1035	0.064					0.1035	-20	
			0.103504	0.064					0.103504	-20	
			0.103508	0.06					0.103508	-18	
			0.103512	0.06					0.103512	-18	
			0.103516	0.048					0.103516	-20	
			0.10352	0.052					0.10352	-18	
			0.103524	0.06					0.103524	-20	
			0.103528	0.056					0.103528	-18	
			0.103532	0.06					0.103532	-18	
			0.103536	0.052					0.103536	-20	
			0.10354	0.048					0.10354	-20	
			0.103544	0.052					0.103544	-20	
			0.103548	0.056					0.103548	-18	
			0.103552	0.056					0.103552	-20	
			0.103556	0.056					0.103556	-20	
