Record Length	2500	Points	0	-0.4	
Sample Interval	0.004	s	0.004	-0.4	
Trigger Point	0.000000	Samples	0.008	-0.4	
			0.012	-0.4	
			0.016	-0.4	
			0.02	-0.4	
Source	CH2		0.024	-0.4	
Vertical Units	Volts		0.028	-0.4	
Vertical Scale	100.0000047E-3		0.032	-0.4	
Vertical Offset	0		0.036	-0.4	
Horizontal Units	s		0.04	-0.4	
Horizontal Scale	1.0000000		0.044	-0.4	
Pt Fmt	Y		0.048	-0.4	
Yzero	-1.1200000		0.052	-0.4	
Probe Atten	10.000000		0.056	-0.4	
			0.06	-0.4	
Note	TBS 1104 - 4:33:23 PM   8/13/2018		0.064	-0.4	
			0.068	-0.4	
			0.072	-0.4	
			0.076	-0.4	
			0.08	-0.4	
			0.084	-0.4	
			0.088	-0.4	
			0.092	-0.4	
			0.096	-0.4	
			0.1	-0.4	
			0.104	-0.4	
			0.108	-0.4	
			0.112	-0.4	
			0.116	-0.4	
			0.12	-0.4	
			0.124	-0.4	
			0.128	-0.4	
			0.132	-0.4	
			0.136	-0.4	
			0.14	-0.4	
			0.144	-0.4	
			0.148	-0.4	
			0.152	-0.4	
			0.156	-0.4	
			0.16	-0.4	
			0.164	-0.4	
			0.168	-0.4	
			0.172	-0.4	
			0.176	-0.4	
			0.18	-0.4	
			0.184	-0.4	
			0.188	-0.4	
			0.192	-0.4	
			0.196	-0.4	
			0.2	-0.4	
			0.204	-0.4	
			0.208	-0.4	
			0.212	-0.4	
			0.216	-0.4	
			0.22	-0.4	
			0.224	-0.4	
			0.228	-0.4	
			0.232	-0.4	
			0.236	-0.4	
			0.24	-0.4	
			0.244	-0.4	
			0.248	-0.4	
			0.252	-0.4	
			0.256	-0.4	
			0.26	-0.4	
			0.264	-0.4	
			0.268	-0.4	
			0.272	-0.4	
			0.276	-0.4	
			0.28	-0.4	
			0.284	-0.4	
			0.288	-0.4	
			0.292	-0.4	
			0.296	-0.4	
			0.3	-0.4	
			0.304	-0.4	
			0.308	-0.4	
			0.312	-0.4	
			0.316	-0.4	
			0.32	-0.4	
			0.324	-0.4	
			0.328	-0.4	
			0.332	-0.4	
			0.336	0.028	
			0.34	0.024	
			0.344	0.016	
			0.348	0.012	
			0.352	0.008	
			0.356	0.016	
			0.36	0.02	
			0.364	0.008	
			0.368	0.008	
			0.372	0.008	
			0.376	0.012	
			0.38	0.012	
			0.384	0.012	
			0.388	0.016	
			0.392	0.012	
			0.396	0.016	
			0.4	0.016	
			0.404	0.008	
			0.408	0.012	
			0.412	0	
			0.416	0.012	
			0.42	0.008	
			0.424	0.012	
			0.428	0.012	
			0.432	0.012	
			0.436	0.012	
			0.44	0.008	
			0.444	0.012	
			0.448	0.004	
			0.452	0.016	
			0.456	0.008	
			0.46	0.008	
			0.464	0.012	
			0.468	0.012	
			0.472	0.004	
			0.476	0.008	
			0.48	0.008	
			0.484	0.012	
			0.488	0.008	
			0.492	0.012	
			0.496	0.012	
			0.5	0.008	
			0.504	0.008	
			0.508	0.004	
			0.512	0.008	
			0.516	0	
			0.52	0.012	
			0.524	0.012	
			0.528	0.012	
			0.532	0.016	
			0.536	0.004	
			0.54	0.012	
			0.544	0.008	
			0.548	0.012	
			0.552	0.004	
			0.556	0.012	
			0.56	0.016	
			0.564	0.008	
			0.568	0.012	
			0.572	0.008	
			0.576	0.008	
			0.58	0.008	
			0.584	0.012	
			0.588	0.008	
			0.592	0.016	
			0.596	0.016	
			0.6	0.012	
			0.604	0.004	
			0.608	0.004	
			0.612	0.008	
			0.616	0.02	
			0.62	0.008	
			0.624	0.02	
			0.628	0.012	
			0.632	0.008	
			0.636	0.012	
			0.64	0.016	
			0.644	0.012	
			0.648	0.016	
			0.652	0.008	
			0.656	0.012	
			0.66	0.008	
			0.664	0.008	
			0.668	0.008	
			0.672	0.008	
			0.676	0.016	
			0.68	0.008	
			0.684	0.012	
			0.688	0.012	
			0.692	0.012	
			0.696	0.008	
			0.7	0.008	
			0.704	0.012	
			0.708	0.012	
			0.712	0.012	
			0.716	0.008	
			0.72	0.016	
			0.724	0.012	
			0.728	0.008	
			0.732	0.008	
			0.736	0.008	
			0.74	0.008	
			0.744	0.008	
			0.748	0.008	
			0.752	0.012	
			0.756	0	
			0.76	0.008	
			0.764	0.008	
			0.768	0.012	
			0.772	0.008	
			0.776	0.004	
			0.78	0.016	
			0.784	0.008	
			0.788	0.008	
			0.792	0.004	
			0.796	0.012	
			0.8	0.008	
			0.804	0.012	
			0.808	0.008	
			0.812	0.016	
			0.816	0.012	
			0.82	0.008	
			0.824	0.012	
			0.828	0.012	
			0.832	0.004	
			0.836	0.008	
			0.84	0.008	
			0.844	0.016	
			0.848	0.008	
			0.852	0.016	
			0.856	0.008	
			0.86	0.008	
			0.864	0.012	
			0.868	0.008	
			0.872	0.008	
			0.876	0.008	
			0.88	0.004	
			0.884	0.004	
			0.888	0.012	
			0.892	0.008	
			0.896	0.012	
			0.9	0.008	
			0.904	0.012	
			0.908	0.008	
			0.912	0.012	
			0.916	0.008	
			0.92	0.008	
			0.924	0.008	
			0.928	0	
			0.932	0.008	
			0.936	0.004	
			0.94	0.008	
			0.944	0.008	
			0.948	0.012	
			0.952	0.012	
			0.956	0.012	
			0.96	0.008	
			0.964	0.004	
			0.968	0.004	
			0.972	0.012	
			0.976	0	
			0.98	0.008	
			0.984	0.008	
			0.988	0.004	
			0.992	0.008	
			0.996	0	
			1	0.012	
			1.004	0.016	
			1.008	0.008	
			1.012	0.012	
			1.016	0.012	
			1.02	0.016	
			1.024	0.008	
			1.028	0.012	
			1.032	0.008	
			1.036	0.008	
			1.04	0.008	
			1.044	0.008	
			1.048	0.008	
			1.052	0.004	
			1.056	0.012	
			1.06	0.008	
			1.064	0.012	
			1.068	0.012	
			1.072	0.012	
			1.076	0.004	
			1.08	0.004	
			1.084	0.008	
			1.088	0.012	
			1.092	0.016	
			1.096	0.016	
			1.1	0.012	
			1.104	0.008	
			1.108	0.012	
			1.112	0.004	
			1.116	0.016	
			1.12	0.008	
			1.124	0.016	
			1.128	0.012	
			1.132	0.012	
			1.136	0.008	
			1.14	0.012	
			1.144	0.012	
			1.148	0.012	
			1.152	0.008	
			1.156	0.008	
			1.16	0.008	
			1.164	0.008	
			1.168	0.008	
			1.172	0.008	
			1.176	0.008	
			1.18	0.012	
			1.184	0.012	
			1.188	0.02	
			1.192	0.004	
			1.196	0.02	
			1.2	0.012	
			1.204	0.008	
			1.208	0.008	
			1.212	0.012	
			1.216	0.012	
			1.22	0.02	
			1.224	0.016	
			1.228	0.012	
			1.232	0.016	
			1.236	0.012	
			1.24	0.008	
			1.244	0.012	
			1.248	0.008	
			1.252	0.016	
			1.256	0.012	
			1.26	0.008	
			1.264	0.016	
			1.268	0.02	
			1.272	0.012	
			1.276	0.016	
			1.28	0.008	
			1.284	0.012	
			1.288	0.008	
			1.292	0.024	
			1.296	0.016	
			1.3	0.008	
			1.304	0.012	
			1.308	0.016	
			1.312	0.012	
			1.316	0.016	
			1.32	0.012	
			1.324	0.02	
			1.328	0.024	
			1.332	0.008	
			1.336	0.004	
			1.34	0.008	
			1.344	0.012	
			1.348	0.012	
			1.352	0.016	
			1.356	0.02	
			1.36	0.012	
			1.364	0.012	
			1.368	0.008	
			1.372	0.016	
			1.376	0.028	
			1.38	0.016	
			1.384	0.024	
			1.388	0.016	
			1.392	0.024	
			1.396	0.024	
			1.4	0.02	
			1.404	0.024	
			1.408	0.012	
			1.412	0.02	
			1.416	0.024	
			1.42	0.024	
			1.424	0.024	
			1.428	0.02	
			1.432	0.016	
			1.436	0.02	
			1.44	0.024	
			1.444	0.02	
			1.448	0.02	
			1.452	0.02	
			1.456	0.028	
			1.46	0.028	
			1.464	0.028	
			1.468	0.032	
			1.472	0.032	
			1.476	0.028	
			1.48	0.04	
			1.484	0.036	
			1.488	0.036	
			1.492	0.04	
			1.496	0.036	
			1.5	0.048	
			1.504	0.044	
			1.508	0.044	
			1.512	0.052	
			1.516	0.048	
			1.52	0.056	
			1.524	0.06	
			1.528	0.056	
			1.532	0.068	
			1.536	0.072	
			1.54	0.092	
			1.544	0.096	
			1.548	0.1	
			1.552	0.112	
			1.556	0.128	
			1.56	0.14	
			1.564	0.144	
			1.568	0.18	
			1.572	0.168	
			1.576	0.196	
			1.58	0.204	
			1.584	0.22	
			1.588	0.248	
			1.592	0.244	
			1.596	0.252	
			1.6	0.264	
			1.604	0.26	
			1.608	0.264	
			1.612	0.276	
			1.616	0.264	
			1.62	0.264	
			1.624	0.26	
			1.628	0.24	
			1.632	0.244	
			1.636	0.228	
			1.64	0.224	
			1.644	0.216	
			1.648	0.196	
			1.652	0.188	
			1.656	0.176	
			1.66	0.164	
			1.664	0.148	
			1.668	0.152	
			1.672	0.144	
			1.676	0.14	
			1.68	0.132	
			1.684	0.124	
			1.688	0.128	
			1.692	0.108	
			1.696	0.108	
			1.7	0.1	
			1.704	0.088	
			1.708	0.088	
			1.712	0.088	
			1.716	0.076	
			1.72	0.072	
			1.724	0.072	
			1.728	0.068	
			1.732	0.06	
			1.736	0.06	
			1.74	0.052	
			1.744	0.052	
			1.748	0.052	
			1.752	0.04	
			1.756	0.04	
			1.76	0.044	
			1.764	0.04	
			1.768	0.04	
			1.772	0.04	
			1.776	0.028	
			1.78	0.032	
			1.784	0.032	
			1.788	0.028	
			1.792	0.04	
			1.796	0.032	
			1.8	0.028	
			1.804	0.028	
			1.808	0.032	
			1.812	0.024	
			1.816	0.024	
			1.82	0.024	
			1.824	0.036	
			1.828	0.032	
			1.832	0.028	
			1.836	0.02	
			1.84	0.02	
			1.844	0.02	
			1.848	0.016	
			1.852	0.016	
			1.856	0.024	
			1.86	0.02	
			1.864	0.02	
			1.868	0.02	
			1.872	0.016	
			1.876	0.016	
			1.88	0.028	
			1.884	0.008	
			1.888	0.028	
			1.892	0.024	
			1.896	0.02	
			1.9	0.024	
			1.904	0.028	
			1.908	0.02	
			1.912	0.024	
			1.916	0.024	
			1.92	0.028	
			1.924	0.02	
			1.928	0.02	
			1.932	0.02	
			1.936	0.024	
			1.94	0.032	
			1.944	0.012	
			1.948	0.024	
			1.952	0.02	
			1.956	0.02	
			1.96	0.024	
			1.964	0.016	
			1.968	0.016	
			1.972	0.012	
			1.976	0.012	
			1.98	0.012	
			1.984	0.024	
			1.988	0.016	
			1.992	0.012	
			1.996	0.008	
			2	0.016	
			2.004	0.008	
			2.008	0.012	
			2.012	0.02	
			2.016	0.012	
			2.02	0.008	
			2.024	0.016	
			2.028	0.02	
			2.032	0.016	
			2.036	0.016	
			2.04	0.008	
			2.044	0.012	
			2.048	0.016	
			2.052	0	
			2.056	0	
			2.06	0.008	
			2.064	0.016	
			2.068	0.016	
			2.072	0.012	
			2.076	0.008	
			2.08	0.004	
			2.084	0.004	
			2.088	0.008	
			2.092	0.004	
			2.096	0.012	
			2.1	0.008	
			2.104	0.008	
			2.108	0.004	
			2.112	0.008	
			2.116	0.02	
			2.12	0.008	
			2.124	0.02	
			2.128	0.012	
			2.132	0.004	
			2.136	0.012	
			2.14	0.008	
			2.144	0.008	
			2.148	0.008	
			2.152	0.008	
			2.156	0.004	
			2.16	0	
			2.164	0.008	
			2.168	0.008	
			2.172	0.012	
			2.176	0.016	
			2.18	0.008	
			2.184	0.012	
			2.188	0.012	
			2.192	0.008	
			2.196	0.008	
			2.2	0.012	
			2.204	0.012	
			2.208	0.008	
			2.212	0.008	
			2.216	0.02	
			2.22	0.012	
			2.224	0.008	
			2.228	0.008	
			2.232	0.012	
			2.236	0.012	
			2.24	0.004	
			2.244	0.012	
			2.248	0.012	
			2.252	0.012	
			2.256	0.012	
			2.26	0.008	
			2.264	0.012	
			2.268	0.012	
			2.272	0.008	
			2.276	0.012	
			2.28	0.008	
			2.284	0.008	
			2.288	0.016	
			2.292	0.012	
			2.296	0.008	
			2.3	0.012	
			2.304	0.012	
			2.308	0.008	
			2.312	0.012	
			2.316	0.008	
			2.32	0.012	
			2.324	0.008	
			2.328	0.008	
			2.332	0.008	
			2.336	0.008	
			2.34	0.008	
			2.344	0.016	
			2.348	0.012	
			2.352	0.012	
			2.356	0.012	
			2.36	0.024	
			2.364	0.02	
			2.368	0.02	
			2.372	0.008	
			2.376	0.012	
			2.38	0.024	
			2.384	0.02	
			2.388	0.012	
			2.392	0.02	
			2.396	0.012	
			2.4	0.02	
			2.404	0.02	
			2.408	0.024	
			2.412	0.02	
			2.416	0.012	
			2.42	0.02	
			2.424	0.024	
			2.428	0.016	
			2.432	0.016	
			2.436	0.032	
			2.44	0.028	
			2.444	0.04	
			2.448	0.036	
			2.452	0.032	
			2.456	0.036	
			2.46	0.052	
			2.464	0.06	
			2.468	0.052	
			2.472	0.056	
			2.476	0.068	
			2.48	0.064	
			2.484	0.08	
			2.488	0.092	
			2.492	0.116	
			2.496	0.136	
			2.5	0.144	
			2.504	0.148	
			2.508	0.188	
			2.512	0.204	
			2.516	0.216	
			2.52	0.224	
			2.524	0.252	
			2.528	0.26	
			2.532	0.256	
			2.536	0.24	
			2.54	0.248	
			2.544	0.236	
			2.548	0.216	
			2.552	0.212	
			2.556	0.204	
			2.56	0.192	
			2.564	0.176	
			2.568	0.164	
			2.572	0.144	
			2.576	0.14	
			2.58	0.124	
			2.584	0.116	
			2.588	0.112	
			2.592	0.108	
			2.596	0.096	
			2.6	0.092	
			2.604	0.084	
			2.608	0.08	
			2.612	0.068	
			2.616	0.068	
			2.62	0.072	
			2.624	0.06	
			2.628	0.052	
			2.632	0.056	
			2.636	0.048	
			2.64	0.036	
			2.644	0.044	
			2.648	0.036	
			2.652	0.036	
			2.656	0.036	
			2.66	0.032	
			2.664	0.032	
			2.668	0.036	
			2.672	0.032	
			2.676	0.028	
			2.68	0.016	
			2.684	0.028	
			2.688	0.024	
			2.692	0.02	
			2.696	0.024	
			2.7	0.024	
			2.704	0.016	
			2.708	0.02	
			2.712	0.024	
			2.716	0.032	
			2.72	0.016	
			2.724	0.02	
			2.728	0.02	
			2.732	0.02	
			2.736	0.02	
			2.74	0.024	
			2.744	0.02	
			2.748	0.024	
			2.752	0.016	
			2.756	0.024	
			2.76	0.028	
			2.764	0.016	
			2.768	0.024	
			2.772	0.02	
			2.776	0.02	
			2.78	0.02	
			2.784	0.016	
			2.788	0.016	
			2.792	0.02	
			2.796	0.02	
			2.8	0.016	
			2.804	0.016	
			2.808	0.016	
			2.812	0.016	
			2.816	0.012	
			2.82	0.02	
			2.824	0.016	
			2.828	0.012	
			2.832	0.02	
			2.836	0.012	
			2.84	0.004	
			2.844	0.012	
			2.848	0.008	
			2.852	0.012	
			2.856	0.012	
			2.86	0.008	
			2.864	0.008	
			2.868	0.012	
			2.872	0.008	
			2.876	0.008	
			2.88	0.012	
			2.884	0.016	
			2.888	0.012	
			2.892	0.012	
			2.896	0.008	
			2.9	0.008	
			2.904	0.012	
			2.908	0.012	
			2.912	0.012	
			2.916	0.016	
			2.92	0.012	
			2.924	0.008	
			2.928	0.008	
			2.932	0.012	
			2.936	0.004	
			2.94	0.016	
			2.944	0.004	
			2.948	0.008	
			2.952	0.012	
			2.956	0.012	
			2.96	0.008	
			2.964	0.008	
			2.968	0.008	
			2.972	0.008	
			2.976	0.008	
			2.98	0.012	
			2.984	0.012	
			2.988	0.012	
			2.992	0.012	
			2.996	0.012	
			3	0	
			3.004	0.004	
			3.008	0.008	
			3.012	0.008	
			3.016	0.004	
			3.02	0.004	
			3.024	0.012	
			3.028	0.008	
			3.032	0.012	
			3.036	0.008	
			3.04	0.016	
			3.044	0.008	
			3.048	0.02	
			3.052	0.012	
			3.056	0.008	
			3.06	0.008	
			3.064	0.008	
			3.068	0.008	
			3.072	0.02	
			3.076	0.012	
			3.08	0.008	
			3.084	0.012	
			3.088	0.008	
			3.092	0.016	
			3.096	0.008	
			3.1	0.016	
			3.104	0.008	
			3.108	0.012	
			3.112	0.012	
			3.116	0.012	
			3.12	0.004	
			3.124	0.008	
			3.128	0.016	
			3.132	0.016	
			3.136	0.02	
			3.14	0.012	
			3.144	0.012	
			3.148	0.016	
			3.152	0.012	
			3.156	0.012	
			3.16	0.012	
			3.164	0.016	
			3.168	0.012	
			3.172	0.016	
			3.176	0.02	
			3.18	0.02	
			3.184	0.024	
			3.188	0.02	
			3.192	0.02	
			3.196	0.032	
			3.2	0.024	
			3.204	0.02	
			3.208	0.024	
			3.212	0.024	
			3.216	0.04	
			3.22	0.036	
			3.224	0.028	
			3.228	0.036	
			3.232	0.044	
			3.236	0.04	
			3.24	0.052	
			3.244	0.048	
			3.248	0.06	
			3.252	0.072	
			3.256	0.088	
			3.26	0.1	
			3.264	0.116	
			3.268	0.14	
			3.272	0.148	
			3.276	0.168	
			3.28	0.196	
			3.284	0.208	
			3.288	0.232	
			3.292	0.264	
			3.296	0.268	
			3.3	0.272	
			3.304	0.276	
			3.308	0.268	
			3.312	0.252	
			3.316	0.228	
			3.32	0.22	
			3.324	0.2	
			3.328	0.188	
			3.332	0.164	
			3.336	0.168	
			3.34	0.152	
			3.344	0.136	
			3.348	0.132	
			3.352	0.124	
			3.356	0.116	
			3.36	0.104	
			3.364	0.104	
			3.368	0.096	
			3.372	0.076	
			3.376	0.076	
			3.38	0.068	
			3.384	0.064	
			3.388	0.068	
			3.392	0.052	
			3.396	0.044	
			3.4	0.044	
			3.404	0.048	
			3.408	0.036	
			3.412	0.036	
			3.416	0.036	
			3.42	0.048	
			3.424	0.028	
			3.428	0.032	
			3.432	0.028	
			3.436	0.032	
			3.44	0.016	
			3.444	0.024	
			3.448	0.016	
			3.452	0.028	
			3.456	0.024	
			3.46	0.028	
			3.464	0.024	
			3.468	0.016	
			3.472	0.024	
			3.476	0.02	
			3.48	0.02	
			3.484	0.02	
			3.488	0.02	
			3.492	0.024	
			3.496	0.028	
			3.5	0.016	
			3.504	0.028	
			3.508	0.028	
			3.512	0.024	
			3.516	0.02	
			3.52	0.032	
			3.524	0.028	
			3.528	0.02	
			3.532	0.016	
			3.536	0.016	
			3.54	0.02	
			3.544	0.024	
			3.548	0.016	
			3.552	0.02	
			3.556	0.028	
			3.56	0.02	
			3.564	0.016	
			3.568	0.02	
			3.572	0.012	
			3.576	0.02	
			3.58	0.016	
			3.584	0.012	
			3.588	0.016	
			3.592	0.012	
			3.596	0.012	
			3.6	0.008	
			3.604	0.008	
			3.608	0.012	
			3.612	0.012	
			3.616	0.012	
			3.62	0.008	
			3.624	0.008	
			3.628	0.008	
			3.632	0.012	
			3.636	0.008	
			3.64	0.016	
			3.644	0.008	
			3.648	0.012	
			3.652	0.008	
			3.656	0.008	
			3.66	0.008	
			3.664	0.008	
			3.668	0.004	
			3.672	0.008	
			3.676	0.004	
			3.68	0.012	
			3.684	0.008	
			3.688	0.008	
			3.692	0.008	
			3.696	0.012	
			3.7	0.012	
			3.704	0.02	
			3.708	0.004	
			3.712	0.008	
			3.716	0.012	
			3.72	0.008	
			3.724	0.008	
			3.728	0.008	
			3.732	0.012	
			3.736	0.008	
			3.74	0.012	
			3.744	0.004	
			3.748	0.012	
			3.752	0.012	
			3.756	0.012	
			3.76	0.012	
			3.764	0.008	
			3.768	0.008	
			3.772	0.012	
			3.776	0.008	
			3.78	0.004	
			3.784	0.008	
			3.788	0.012	
			3.792	0.008	
			3.796	0.012	
			3.8	0.012	
			3.804	0.012	
			3.808	0.012	
			3.812	0.008	
			3.816	0.016	
			3.82	0.012	
			3.824	0.008	
			3.828	0.012	
			3.832	0.012	
			3.836	0.008	
			3.84	0.008	
			3.844	0.008	
			3.848	0.02	
			3.852	0.012	
			3.856	0.012	
			3.86	0.012	
			3.864	0.016	
			3.868	0.012	
			3.872	0.008	
			3.876	0.016	
			3.88	0.016	
			3.884	0.016	
			3.888	0.02	
			3.892	0.016	
			3.896	0.02	
			3.9	0.012	
			3.904	0.02	
			3.908	0.024	
			3.912	0.028	
			3.916	0.012	
			3.92	0.028	
			3.924	0.028	
			3.928	0.028	
			3.932	0.032	
			3.936	0.036	
			3.94	0.036	
			3.944	0.044	
			3.948	0.052	
			3.952	0.048	
			3.956	0.068	
			3.96	0.064	
			3.964	0.08	
			3.968	0.092	
			3.972	0.104	
			3.976	0.124	
			3.98	0.128	
			3.984	0.156	
			3.988	0.188	
			3.992	0.2	
			3.996	0.224	
			4	0.24	
			4.004	0.252	
			4.008	0.264	
			4.012	0.252	
			4.016	0.248	
			4.02	0.236	
			4.024	0.216	
			4.028	0.2	
			4.032	0.192	
			4.036	0.168	
			4.04	0.148	
			4.044	0.148	
			4.048	0.132	
			4.052	0.128	
			4.056	0.124	
			4.06	0.112	
			4.064	0.1	
			4.068	0.092	
			4.072	0.072	
			4.076	0.072	
			4.08	0.08	
			4.084	0.056	
			4.088	0.064	
			4.092	0.056	
			4.096	0.048	
			4.1	0.044	
			4.104	0.04	
			4.108	0.044	
			4.112	0.04	
			4.116	0.028	
			4.12	0.036	
			4.124	0.036	
			4.128	0.028	
			4.132	0.028	
			4.136	0.028	
			4.14	0.02	
			4.144	0.028	
			4.148	0.028	
			4.152	0.016	
			4.156	0.028	
			4.16	0.028	
			4.164	0.024	
			4.168	0.02	
			4.172	0.02	
			4.176	0.028	
			4.18	0.024	
			4.184	0.028	
			4.188	0.02	
			4.192	0.024	
			4.196	0.02	
			4.2	0.02	
			4.204	0.02	
			4.208	0.02	
			4.212	0.02	
			4.216	0.02	
			4.22	0.024	
			4.224	0.024	
			4.228	0.02	
			4.232	0.024	
			4.236	0.024	
			4.24	0.02	
			4.244	0.012	
			4.248	0.024	
			4.252	0.02	
			4.256	0.02	
			4.26	0.016	
			4.264	0.02	
			4.268	0.016	
			4.272	0.012	
			4.276	0.016	
			4.28	0.02	
			4.284	0.012	
			4.288	0.012	
			4.292	0.008	
			4.296	0.008	
			4.3	0.012	
			4.304	0.008	
			4.308	0.012	
			4.312	0.012	
			4.316	0.008	
			4.32	0.008	
			4.324	0.012	
			4.328	0.012	
			4.332	0.008	
			4.336	0.012	
			4.34	0.008	
			4.344	0.008	
			4.348	0.012	
			4.352	0.012	
			4.356	0.016	
			4.36	0.008	
			4.364	0.012	
			4.368	0.016	
			4.372	0.012	
			4.376	0.008	
			4.38	0.008	
			4.384	0.008	
			4.388	0	
			4.392	0.012	
			4.396	0.008	
			4.4	0.02	
			4.404	0.004	
			4.408	0.008	
			4.412	0.008	
			4.416	0.008	
			4.42	0.016	
			4.424	0.016	
			4.428	0.008	
			4.432	0.008	
			4.436	0.004	
			4.44	0.012	
			4.444	0.008	
			4.448	0.008	
			4.452	0.012	
			4.456	0.008	
			4.46	0.012	
			4.464	0.012	
			4.468	0.008	
			4.472	0.008	
			4.476	0.012	
			4.48	0.008	
			4.484	0.008	
			4.488	0.016	
			4.492	0.008	
			4.496	0.012	
			4.5	0.012	
			4.504	0.008	
			4.508	0.008	
			4.512	0.008	
			4.516	0.012	
			4.52	0.012	
			4.524	0.012	
			4.528	0.008	
			4.532	0.008	
			4.536	0.012	
			4.54	0.012	
			4.544	0.012	
			4.548	0.016	
			4.552	0.008	
			4.556	0.02	
			4.56	0.008	
			4.564	0.012	
			4.568	0.012	
			4.572	0.016	
			4.576	0.016	
			4.58	0.02	
			4.584	0.012	
			4.588	0.02	
			4.592	0.016	
			4.596	0.016	
			4.6	0.02	
			4.604	0.02	
			4.608	0.012	
			4.612	0.024	
			4.616	0.028	
			4.62	0.024	
			4.624	0.028	
			4.628	0.032	
			4.632	0.028	
			4.636	0.032	
			4.64	0.044	
			4.644	0.048	
			4.648	0.052	
			4.652	0.056	
			4.656	0.056	
			4.66	0.068	
			4.664	0.072	
			4.668	0.092	
			4.672	0.112	
			4.676	0.124	
			4.68	0.164	
			4.684	0.18	
			4.688	0.2	
			4.692	0.216	
			4.696	0.236	
			4.7	0.252	
			4.704	0.264	
			4.708	0.276	
			4.712	0.276	
			4.716	0.264	
			4.72	0.236	
			4.724	0.236	
			4.728	0.2	
			4.732	0.184	
			4.736	0.184	
			4.74	0.168	
			4.744	0.148	
			4.748	0.144	
			4.752	0.124	
			4.756	0.124	
			4.76	0.112	
			4.764	0.104	
			4.768	0.092	
			4.772	0.088	
			4.776	0.072	
			4.78	0.068	
			4.784	0.068	
			4.788	0.06	
			4.792	0.064	
			4.796	0.052	
			4.8	0.048	
			4.804	0.048	
			4.808	0.04	
			4.812	0.04	
			4.816	0.036	
			4.82	0.028	
			4.824	0.032	
			4.828	0.028	
			4.832	0.028	
			4.836	0.032	
			4.84	0.032	
			4.844	0.02	
			4.848	0.032	
			4.852	0.028	
			4.856	0.028	
			4.86	0.024	
			4.864	0.028	
			4.868	0.024	
			4.872	0.028	
			4.876	0.024	
			4.88	0.032	
			4.884	0.016	
			4.888	0.024	
			4.892	0.024	
			4.896	0.028	
			4.9	0.028	
			4.904	0.02	
			4.908	0.012	
			4.912	0.016	
			4.916	0.016	
			4.92	0.028	
			4.924	0.024	
			4.928	0.012	
			4.932	0.02	
			4.936	0.024	
			4.94	0.028	
			4.944	0.02	
			4.948	0.016	
			4.952	0.016	
			4.956	0.016	
			4.96	0.016	
			4.964	0.024	
			4.968	0.016	
			4.972	0.012	
			4.976	0.012	
			4.98	0.02	
			4.984	0.012	
			4.988	0.008	
			4.992	0.008	
			4.996	0.008	
			5	0.008	
			5.004	0.008	
			5.008	0.012	
			5.012	0.012	
			5.016	0.016	
			5.02	0.012	
			5.024	0.004	
			5.028	0.008	
			5.032	0.016	
			5.036	0.012	
			5.04	0.004	
			5.044	0.012	
			5.048	0.008	
			5.052	0.008	
			5.056	0.012	
			5.06	0.004	
			5.064	0.008	
			5.068	0.008	
			5.072	0.012	
			5.076	0.012	
			5.08	0.004	
			5.084	0.008	
			5.088	0.016	
			5.092	0.012	
			5.096	0.008	
			5.1	0.008	
			5.104	0.012	
			5.108	0.008	
			5.112	0.012	
			5.116	0.012	
			5.12	0.008	
			5.124	0.008	
			5.128	0.008	
			5.132	0.008	
			5.136	0.008	
			5.14	0.004	
			5.144	0.004	
			5.148	0.004	
			5.152	0.008	
			5.156	0.008	
			5.16	0.008	
			5.164	0.004	
			5.168	0.012	
			5.172	0.016	
			5.176	0.016	
			5.18	0.012	
			5.184	0.004	
			5.188	0.004	
			5.192	0.008	
			5.196	0.012	
			5.2	0.016	
			5.204	0.012	
			5.208	0.012	
			5.212	0.016	
			5.216	0.012	
			5.22	0.012	
			5.224	0.008	
			5.228	0.012	
			5.232	0.016	
			5.236	0.012	
			5.24	0.012	
			5.244	0.008	
			5.248	0.012	
			5.252	0.02	
			5.256	0.008	
			5.26	0.012	
			5.264	0.024	
			5.268	0.024	
			5.272	0.02	
			5.276	0.024	
			5.28	0.016	
			5.284	0.028	
			5.288	0.028	
			5.292	0.024	
			5.296	0.032	
			5.3	0.012	
			5.304	0.008	
			5.308	0.008	
			5.312	0.008	
			5.316	0.004	
			5.32	0.008	
			5.324	0.008	
			5.328	0.008	
			5.332	0.012	
			5.336	0.008	
			5.34	0.008	
			5.344	0	
			5.348	0.016	
			5.352	0.004	
			5.356	0.008	
			5.36	0.016	
			5.364	0.008	
			5.368	0.008	
			5.372	0.02	
			5.376	0.008	
			5.38	0.016	
			5.384	0.012	
			5.388	0.012	
			5.392	0.012	
			5.396	0.012	
			5.4	0.004	
			5.404	0.012	
			5.408	0.012	
			5.412	0.012	
			5.416	0.02	
			5.42	0.012	
			5.424	0.004	
			5.428	0.012	
			5.432	0.008	
			5.436	0.016	
			5.44	0.016	
			5.444	0.008	
			5.448	0.016	
			5.452	0.012	
			5.456	0.012	
			5.46	0.016	
			5.464	0.02	
			5.468	0.012	
			5.472	0.02	
			5.476	0.016	
			5.48	0.024	
			5.484	0.028	
			5.488	0.016	
			5.492	0.02	
			5.496	0.02	
			5.5	0.024	
			5.504	0.016	
			5.508	0.028	
			5.512	0.028	
			5.516	0.04	
			5.52	0.036	
			5.524	0.04	
			5.528	0.04	
			5.532	0.048	
			5.536	0.068	
			5.54	0.06	
			5.544	0.088	
			5.548	0.104	
			5.552	0.14	
			5.556	0.14	
			5.56	0.168	
			5.564	0.196	
			5.568	0.236	
			5.572	0.26	
			5.576	0.292	
			5.58	0.292	
			5.584	0.292	
			5.588	0.272	
			5.592	0.276	
			5.596	0.24	
			5.6	0.228	
			5.604	0.2	
			5.608	0.184	
			5.612	0.168	
			5.616	0.156	
			5.62	0.144	
			5.624	0.124	
			5.628	0.124	
			5.632	0.116	
			5.636	0.116	
			5.64	0.104	
			5.644	0.076	
			5.648	0.08	
			5.652	0.064	
			5.656	0.064	
			5.66	0.056	
			5.664	0.052	
			5.668	0.052	
			5.672	0.048	
			5.676	0.044	
			5.68	0.044	
			5.684	0.04	
			5.688	0.032	
			5.692	0.04	
			5.696	0.032	
			5.7	0.028	
			5.704	0.02	
			5.708	0.032	
			5.712	0.028	
			5.716	0.02	
			5.72	0.012	
			5.724	0.016	
			5.728	0.024	
			5.732	0.02	
			5.736	0.024	
			5.74	0.024	
			5.744	0.024	
			5.748	0.028	
			5.752	0.028	
			5.756	0.012	
			5.76	0.028	
			5.764	0.024	
			5.768	0.024	
			5.772	0.024	
			5.776	0.024	
			5.78	0.024	
			5.784	0.028	
			5.788	0.02	
			5.792	0.024	
			5.796	0.02	
			5.8	0.024	
			5.804	0.02	
			5.808	0.02	
			5.812	0.02	
			5.816	0.012	
			5.82	0.016	
			5.824	0.012	
			5.828	0.016	
			5.832	0.02	
			5.836	0.016	
			5.84	0.016	
			5.844	0.016	
			5.848	0.02	
			5.852	0.012	
			5.856	0.008	
			5.86	0.02	
			5.864	0.012	
			5.868	0.012	
			5.872	0.02	
			5.876	0.016	
			5.88	0.012	
			5.884	0.008	
			5.888	0.02	
			5.892	0.012	
			5.896	0.008	
			5.9	0.008	
			5.904	0	
			5.908	0.008	
			5.912	0.008	
			5.916	0.012	
			5.92	0.012	
			5.924	0.008	
			5.928	0.004	
			5.932	0.008	
			5.936	0.004	
			5.94	0.008	
			5.944	0.012	
			5.948	0.004	
			5.952	0.004	
			5.956	0.012	
			5.96	0.008	
			5.964	0.012	
			5.968	0.012	
			5.972	0.008	
			5.976	0.008	
			5.98	0.008	
			5.984	0	
			5.988	0.012	
			5.992	0.008	
			5.996	0.008	
			6	-0.012	
			6.004	0.012	
			6.008	0.012	
			6.012	0.004	
			6.016	0	
			6.02	0.008	
			6.024	0.012	
			6.028	0.008	
			6.032	0.012	
			6.036	0	
			6.04	0.008	
			6.044	0.004	
			6.048	0.012	
			6.052	0	
			6.056	0.008	
			6.06	0.008	
			6.064	0.012	
			6.068	0.008	
			6.072	0.012	
			6.076	0.012	
			6.08	0.008	
			6.084	0.016	
			6.088	0.008	
			6.092	0.008	
			6.096	0.008	
			6.1	0.008	
			6.104	0.012	
			6.108	0.016	
			6.112	0.008	
			6.116	0.02	
			6.12	0.004	
			6.124	0.02	
			6.128	0.02	
			6.132	0.016	
			6.136	0.016	
			6.14	0.012	
			6.144	0.012	
			6.148	0.012	
			6.152	0.012	
			6.156	0.012	
			6.16	0.016	
			6.164	0.028	
			6.168	0.024	
			6.172	0.012	
			6.176	0.024	
			6.18	0.028	
			6.184	0.032	
			6.188	0.028	
			6.192	0.028	
			6.196	0.032	
			6.2	0.04	
			6.204	0.044	
			6.208	0.048	
			6.212	0.048	
			6.216	0.06	
			6.22	0.076	
			6.224	0.092	
			6.228	0.12	
			6.232	0.128	
			6.236	0.164	
			6.24	0.18	
			6.244	0.216	
			6.248	0.236	
			6.252	0.264	
			6.256	0.268	
			6.26	0.276	
			6.264	0.268	
			6.268	0.256	
			6.272	0.256	
			6.276	0.224	
			6.28	0.2	
			6.284	0.192	
			6.288	0.16	
			6.292	0.148	
			6.296	0.136	
			6.3	0.12	
			6.304	0.116	
			6.308	0.108	
			6.312	0.088	
			6.316	0.088	
			6.32	0.076	
			6.324	0.072	
			6.328	0.064	
			6.332	0.068	
			6.336	0.06	
			6.34	0.044	
			6.344	0.044	
			6.348	0.036	
			6.352	0.04	
			6.356	0.036	
			6.36	0.032	
			6.364	0.032	
			6.368	0.028	
			6.372	0.02	
			6.376	0.032	
			6.38	0.032	
			6.384	0.032	
			6.388	0.024	
			6.392	0.024	
			6.396	0.02	
			6.4	0.028	
			6.404	0.02	
			6.408	0.02	
			6.412	0.02	
			6.416	0.028	
			6.42	0.028	
			6.424	0.028	
			6.428	0.02	
			6.432	0.012	
			6.436	0.028	
			6.44	0.024	
			6.444	0.02	
			6.448	0.024	
			6.452	0.024	
			6.456	0.028	
			6.46	0.024	
			6.464	0.02	
			6.468	0.02	
			6.472	0.016	
			6.476	0.024	
			6.48	0.02	
			6.484	0.016	
			6.488	0.012	
			6.492	0.016	
			6.496	0.012	
			6.5	0.024	
			6.504	0.008	
			6.508	0.016	
			6.512	0.02	
			6.516	0.012	
			6.52	0.012	
			6.524	0.012	
			6.528	0.016	
			6.532	0.008	
			6.536	0.004	
			6.54	0.008	
			6.544	0.012	
			6.548	0.012	
			6.552	0.008	
			6.556	0.016	
			6.56	0.008	
			6.564	0.012	
			6.568	0.012	
			6.572	0	
			6.576	0.008	
			6.58	0.012	
			6.584	0.012	
			6.588	0.004	
			6.592	0	
			6.596	0.012	
			6.6	0.008	
			6.604	0.008	
			6.608	0.012	
			6.612	0.016	
			6.616	0.012	
			6.62	0.008	
			6.624	0.012	
			6.628	0.008	
			6.632	0.008	
			6.636	0.008	
			6.64	0.012	
			6.644	0.016	
			6.648	0.012	
			6.652	0.012	
			6.656	0.012	
			6.66	0.016	
			6.664	0.008	
			6.668	0.008	
			6.672	0.016	
			6.676	0.008	
			6.68	0.008	
			6.684	0.008	
			6.688	0	
			6.692	0.008	
			6.696	0.008	
			6.7	0.008	
			6.704	0.004	
			6.708	0.008	
			6.712	0	
			6.716	0.008	
			6.72	0.008	
			6.724	0.008	
			6.728	0.012	
			6.732	0.004	
			6.736	0.008	
			6.74	0.012	
			6.744	0.008	
			6.748	0.008	
			6.752	0.008	
			6.756	0.016	
			6.76	0.008	
			6.764	0.028	
			6.768	0.012	
			6.772	0.016	
			6.776	0.008	
			6.78	0.008	
			6.784	0.016	
			6.788	0.008	
			6.792	0.012	
			6.796	0.024	
			6.8	0.012	
			6.804	0.016	
			6.808	0.012	
			6.812	0.012	
			6.816	0.012	
			6.82	0.016	
			6.824	0.02	
			6.828	0.024	
			6.832	0.024	
			6.836	0.012	
			6.84	0.02	
			6.844	0.02	
			6.848	0.028	
			6.852	0.012	
			6.856	0.024	
			6.86	0.024	
			6.864	0.032	
			6.868	0.024	
			6.872	0.04	
			6.876	0.04	
			6.88	0.036	
			6.884	0.048	
			6.888	0.052	
			6.892	0.06	
			6.896	0.08	
			6.9	0.076	
			6.904	0.108	
			6.908	0.12	
			6.912	0.152	
			6.916	0.188	
			6.92	0.224	
			6.924	0.256	
			6.928	0.264	
			6.932	0.284	
			6.936	0.276	
			6.94	0.276	
			6.944	0.264	
			6.948	0.244	
			6.952	0.22	
			6.956	0.2	
			6.96	0.192	
			6.964	0.168	
			6.968	0.14	
			6.972	0.144	
			6.976	0.12	
			6.98	0.12	
			6.984	0.108	
			6.988	0.1	
			6.992	0.084	
			6.996	0.076	
			7	0.072	
			7.004	0.068	
			7.008	0.06	
			7.012	0.06	
			7.016	0.048	
			7.02	0.048	
			7.024	0.048	
			7.028	0.044	
			7.032	0.04	
			7.036	0.032	
			7.04	0.028	
			7.044	0.028	
			7.048	0.04	
			7.052	0.032	
			7.056	0.024	
			7.06	0.04	
			7.064	0.032	
			7.068	0.024	
			7.072	0.02	
			7.076	0.02	
			7.08	0.028	
			7.084	0.024	
			7.088	0.016	
			7.092	0.024	
			7.096	0.024	
			7.1	0.02	
			7.104	0.024	
			7.108	0.02	
			7.112	0.028	
			7.116	0.028	
			7.12	0.028	
			7.124	0.028	
			7.128	0.028	
			7.132	0.028	
			7.136	0.028	
			7.14	0.024	
			7.144	0.02	
			7.148	0.028	
			7.152	0.02	
			7.156	0.02	
			7.16	0.012	
			7.164	0.024	
			7.168	0.02	
			7.172	0.02	
			7.176	0.012	
			7.18	0.008	
			7.184	0.016	
			7.188	0.012	
			7.192	0.02	
			7.196	0.016	
			7.2	0.008	
			7.204	0.02	
			7.208	0.012	
			7.212	0.008	
			7.216	0.012	
			7.22	0.012	
			7.224	0.008	
			7.228	0.012	
			7.232	0.012	
			7.236	0.012	
			7.24	0.012	
			7.244	0.008	
			7.248	0	
			7.252	0.012	
			7.256	0.012	
			7.26	0.008	
			7.264	0.012	
			7.268	0.008	
			7.272	0.012	
			7.276	0.008	
			7.28	0.012	
			7.284	0.008	
			7.288	0.012	
			7.292	0.008	
			7.296	0.008	
			7.3	0.012	
			7.304	0.012	
			7.308	0.004	
			7.312	0.008	
			7.316	0.012	
			7.32	0.016	
			7.324	0.008	
			7.328	0.012	
			7.332	0.012	
			7.336	0.012	
			7.34	0.008	
			7.344	0.012	
			7.348	0.012	
			7.352	0.016	
			7.356	0.012	
			7.36	0.012	
			7.364	0.008	
			7.368	0.016	
			7.372	0.008	
			7.376	0.012	
			7.38	0.004	
			7.384	0.016	
			7.388	0.016	
			7.392	0.008	
			7.396	0.012	
			7.4	0.012	
			7.404	0.008	
			7.408	0.012	
			7.412	0.004	
			7.416	0.008	
			7.42	0.008	
			7.424	0.008	
			7.428	0.008	
			7.432	0.004	
			7.436	0.008	
			7.44	0	
			7.444	0.012	
			7.448	0.008	
			7.452	0.012	
			7.456	0.008	
			7.46	0.016	
			7.464	0.012	
			7.468	0.012	
			7.472	0.012	
			7.476	0.02	
			7.48	0.012	
			7.484	0.008	
			7.488	0.016	
			7.492	0.012	
			7.496	0.012	
			7.5	0.016	
			7.504	0.012	
			7.508	0.024	
			7.512	0.016	
			7.516	0.016	
			7.52	0.016	
			7.524	0.016	
			7.528	0.016	
			7.532	0.016	
			7.536	0.016	
			7.54	0.028	
			7.544	0.028	
			7.548	0.036	
			7.552	0.028	
			7.556	0.032	
			7.56	0.036	
			7.564	0.04	
			7.568	0.052	
			7.572	0.064	
			7.576	0.064	
			7.58	0.076	
			7.584	0.1	
			7.588	0.112	
			7.592	0.152	
			7.596	0.184	
			7.6	0.196	
			7.604	0.22	
			7.608	0.256	
			7.612	0.276	
			7.616	0.268	
			7.62	0.288	
			7.624	0.264	
			7.628	0.264	
			7.632	0.248	
			7.636	0.208	
			7.64	0.184	
			7.644	0.18	
			7.648	0.156	
			7.652	0.132	
			7.656	0.132	
			7.66	0.132	
			7.664	0.112	
			7.668	0.096	
			7.672	0.092	
			7.676	0.084	
			7.68	0.076	
			7.684	0.064	
			7.688	0.068	
			7.692	0.052	
			7.696	0.048	
			7.7	0.052	
			7.704	0.048	
			7.708	0.048	
			7.712	0.04	
			7.716	0.036	
			7.72	0.032	
			7.724	0.028	
			7.728	0.028	
			7.732	0.032	
			7.736	0.028	
			7.74	0.024	
			7.744	0.032	
			7.748	0.024	
			7.752	0.024	
			7.756	0.012	
			7.76	0.02	
			7.764	0.012	
			7.768	0.028	
			7.772	0.024	
			7.776	0.028	
			7.78	0.02	
			7.784	0.028	
			7.788	0.016	
			7.792	0.02	
			7.796	0.028	
			7.8	0.024	
			7.804	0.012	
			7.808	0.024	
			7.812	0.02	
			7.816	0.016	
			7.82	0.02	
			7.824	0.02	
			7.828	0.02	
			7.832	0.024	
			7.836	0.012	
			7.84	0.016	
			7.844	0.016	
			7.848	0.012	
			7.852	0.02	
			7.856	0.02	
			7.86	0.012	
			7.864	0.016	
			7.868	0.008	
			7.872	0.012	
			7.876	0.012	
			7.88	0.008	
			7.884	0.012	
			7.888	0.012	
			7.892	0.012	
			7.896	0.008	
			7.9	0.004	
			7.904	0.012	
			7.908	0.012	
			7.912	0.012	
			7.916	0.012	
			7.92	0.008	
			7.924	0.016	
			7.928	0.008	
			7.932	0.012	
			7.936	0.012	
			7.94	0.008	
			7.944	0.008	
			7.948	0.012	
			7.952	0.008	
			7.956	0.012	
			7.96	0	
			7.964	0.012	
			7.968	0.004	
			7.972	0.004	
			7.976	0.008	
			7.98	0.008	
			7.984	0.016	
			7.988	0.012	
			7.992	0.004	
			7.996	0.012	
			8	0.008	
			8.004	0.004	
			8.008	0.016	
			8.012	0.008	
			8.016	0.008	
			8.02	0.008	
			8.024	0.012	
			8.028	0.012	
			8.032	0.004	
			8.036	0.008	
			8.04	0.012	
			8.044	0.008	
			8.048	0.008	
			8.052	0.004	
			8.056	0.016	
			8.06	0.008	
			8.064	0.008	
			8.068	0.008	
			8.072	0.008	
			8.076	0.008	
			8.08	0.016	
			8.084	0.008	
			8.088	0.008	
			8.092	0.016	
			8.096	0.008	
			8.1	0.012	
			8.104	0.004	
			8.108	0.004	
			8.112	0.012	
			8.116	0.016	
			8.12	0.012	
			8.124	0.012	
			8.128	0.024	
			8.132	0.008	
			8.136	0.008	
			8.14	0.012	
			8.144	0.012	
			8.148	0.008	
			8.152	0.016	
			8.156	0.016	
			8.16	0.016	
			8.164	0.008	
			8.168	0.012	
			8.172	0.016	
			8.176	0.012	
			8.18	0.02	
			8.184	0.016	
			8.188	0.012	
			8.192	0.02	
			8.196	0.004	
			8.2	0.012	
			8.204	0.012	
			8.208	0.012	
			8.212	0.016	
			8.216	0.012	
			8.22	0.02	
			8.224	0.012	
			8.228	0.02	
			8.232	0.012	
			8.236	0.016	
			8.24	0.024	
			8.244	0.016	
			8.248	0.016	
			8.252	0.02	
			8.256	0.012	
			8.26	0.012	
			8.264	0.016	
			8.268	0.008	
			8.272	0.016	
			8.276	0.02	
			8.28	0.012	
			8.284	0.012	
			8.288	0.02	
			8.292	0.016	
			8.296	0.016	
			8.3	0.012	
			8.304	0.008	
			8.308	0.008	
			8.312	0.016	
			8.316	0.008	
			8.32	0.012	
			8.324	0.02	
			8.328	0.016	
			8.332	0.016	
			8.336	0.016	
			8.34	0.016	
			8.344	0.012	
			8.348	0.02	
			8.352	0.012	
			8.356	0.024	
			8.36	0.024	
			8.364	0.012	
			8.368	0.012	
			8.372	0.02	
			8.376	0.012	
			8.38	0.012	
			8.384	0.012	
			8.388	0.008	
			8.392	0.012	
			8.396	0.012	
			8.4	0.008	
			8.404	0.008	
			8.408	0.008	
			8.412	0.008	
			8.416	0.016	
			8.42	0.008	
			8.424	0.008	
			8.428	0.008	
			8.432	0.012	
			8.436	0.008	
			8.44	0.012	
			8.444	0.012	
			8.448	0.012	
			8.452	0.012	
			8.456	0.004	
			8.46	0.008	
			8.464	0.008	
			8.468	0.012	
			8.472	0.008	
			8.476	0.008	
			8.48	0.008	
			8.484	0.004	
			8.488	0.008	
			8.492	0.004	
			8.496	0.008	
			8.5	0.016	
			8.504	0.012	
			8.508	0.012	
			8.512	0.012	
			8.516	0.008	
			8.52	0.008	
			8.524	0.004	
			8.528	0.016	
			8.532	0.008	
			8.536	0.008	
			8.54	0.008	
			8.544	0.012	
			8.548	0.012	
			8.552	0.012	
			8.556	0.008	
			8.56	0.012	
			8.564	0.008	
			8.568	0.012	
			8.572	0.008	
			8.576	0.012	
			8.58	0.012	
			8.584	0.008	
			8.588	0.008	
			8.592	0.008	
			8.596	0.012	
			8.6	0.012	
			8.604	0.008	
			8.608	0	
			8.612	0.004	
			8.616	0.008	
			8.62	0.008	
			8.624	0.008	
			8.628	0.004	
			8.632	0.004	
			8.636	0.012	
			8.64	0.004	
			8.644	0.016	
			8.648	0.008	
			8.652	0.02	
			8.656	0.012	
			8.66	0.012	
			8.664	0.012	
			8.668	0.004	
			8.672	0.008	
			8.676	0.008	
			8.68	0.012	
			8.684	0.004	
			8.688	0.012	
			8.692	0.012	
			8.696	0.004	
			8.7	0.008	
			8.704	0.008	
			8.708	0.012	
			8.712	0.012	
			8.716	0.004	
			8.72	0.008	
			8.724	0.008	
			8.728	0.012	
			8.732	0.008	
			8.736	0.008	
			8.74	0.012	
			8.744	0.004	
			8.748	0.004	
			8.752	0.012	
			8.756	0.02	
			8.76	0.012	
			8.764	0.004	
			8.768	0.012	
			8.772	0.008	
			8.776	0.008	
			8.78	0.008	
			8.784	0.008	
			8.788	0.008	
			8.792	0.012	
			8.796	0.008	
			8.8	0.008	
			8.804	0.016	
			8.808	0.012	
			8.812	0.016	
			8.816	0.004	
			8.82	0.02	
			8.824	0.008	
			8.828	0.012	
			8.832	0.012	
			8.836	0.008	
			8.84	0.008	
			8.844	0.024	
			8.848	0.008	
			8.852	0.004	
			8.856	0.012	
			8.86	0.008	
			8.864	0.004	
			8.868	0.008	
			8.872	0.012	
			8.876	0.012	
			8.88	0.008	
			8.884	0.008	
			8.888	0.012	
			8.892	0.012	
			8.896	0	
			8.9	0.012	
			8.904	0.008	
			8.908	0.008	
			8.912	0.008	
			8.916	0.012	
			8.92	0.008	
			8.924	0.012	
			8.928	0.02	
			8.932	0.012	
			8.936	0.012	
			8.94	0.012	
			8.944	0.012	
			8.948	0.016	
			8.952	0.004	
			8.956	0.016	
			8.96	0.004	
			8.964	0.008	
			8.968	0.008	
			8.972	0.012	
			8.976	0.008	
			8.98	0.016	
			8.984	0.012	
			8.988	0.012	
			8.992	0.012	
			8.996	0.012	
			9	0.016	
			9.004	0.012	
			9.008	0.016	
			9.012	0.016	
			9.016	0.012	
			9.02	0.02	
			9.024	0.02	
			9.028	0.012	
			9.032	0.012	
			9.036	0.016	
			9.04	0.016	
			9.044	0.016	
			9.048	0.012	
			9.052	0.016	
			9.056	0.016	
			9.06	0.024	
			9.064	0.02	
			9.068	0.024	
			9.072	0.02	
			9.076	0.024	
			9.08	0.016	
			9.084	0.016	
			9.088	0.028	
			9.092	0.024	
			9.096	0.012	
			9.1	0.024	
			9.104	0.02	
			9.108	0.02	
			9.112	0.02	
			9.116	0.02	
			9.12	0.028	
			9.124	0.024	
			9.128	0.024	
			9.132	0.028	
			9.136	0.024	
			9.14	0.028	
			9.144	0.016	
			9.148	0.024	
			9.152	0.032	
			9.156	0.024	
			9.16	0.02	
			9.164	0.02	
			9.168	0.024	
			9.172	0.024	
			9.176	0.016	
			9.18	0.024	
			9.184	0.016	
			9.188	0.024	
			9.192	0.024	
			9.196	0.028	
			9.2	0.02	
			9.204	0.024	
			9.208	0.024	
			9.212	0.024	
			9.216	0.02	
			9.22	0.028	
			9.224	0.028	
			9.228	0.028	
			9.232	0.028	
			9.236	0.028	
			9.24	0.024	
			9.244	0.028	
			9.248	0.028	
			9.252	0.036	
			9.256	0.032	
			9.26	0.036	
			9.264	0.028	
			9.268	0.04	
			9.272	0.044	
			9.276	0.036	
			9.28	0.048	
			9.284	0.048	
			9.288	0.048	
			9.292	0.048	
			9.296	0.052	
			9.3	0.068	
			9.304	0.06	
			9.308	0.056	
			9.312	0.072	
			9.316	0.068	
			9.32	0.08	
			9.324	0.084	
			9.328	0.096	
			9.332	0.096	
			9.336	-0.4	
			9.34	-0.4	
			9.344	-0.4	
			9.348	-0.4	
			9.352	-0.4	
			9.356	-0.4	
			9.36	-0.4	
			9.364	-0.4	
			9.368	-0.4	
			9.372	-0.4	
			9.376	-0.4	
			9.38	-0.4	
			9.384	-0.4	
			9.388	-0.4	
			9.392	-0.4	
			9.396	-0.4	
			9.4	-0.4	
			9.404	-0.4	
			9.408	-0.4	
			9.412	-0.4	
			9.416	-0.4	
			9.42	-0.4	
			9.424	-0.4	
			9.428	-0.4	
			9.432	-0.4	
			9.436	-0.4	
			9.44	-0.4	
			9.444	-0.4	
			9.448	-0.4	
			9.452	-0.4	
			9.456	-0.4	
			9.46	-0.4	
			9.464	-0.4	
			9.468	-0.4	
			9.472	-0.4	
			9.476	-0.4	
			9.48	-0.4	
			9.484	-0.4	
			9.488	-0.4	
			9.492	-0.4	
			9.496	-0.4	
			9.5	-0.4	
			9.504	-0.4	
			9.508	-0.4	
			9.512	-0.4	
			9.516	-0.4	
			9.52	-0.4	
			9.524	-0.4	
			9.528	-0.4	
			9.532	-0.4	
			9.536	-0.4	
			9.54	-0.4	
			9.544	-0.4	
			9.548	-0.4	
			9.552	-0.4	
			9.556	-0.4	
			9.56	-0.4	
			9.564	-0.4	
			9.568	-0.4	
			9.572	-0.4	
			9.576	-0.4	
			9.58	-0.4	
			9.584	-0.4	
			9.588	-0.4	
			9.592	-0.4	
			9.596	-0.4	
			9.6	-0.4	
			9.604	-0.4	
			9.608	-0.4	
			9.612	-0.4	
			9.616	-0.4	
			9.62	-0.4	
			9.624	-0.4	
			9.628	-0.4	
			9.632	-0.4	
			9.636	-0.4	
			9.64	-0.4	
			9.644	-0.4	
			9.648	-0.4	
			9.652	-0.4	
			9.656	-0.4	
			9.66	-0.4	
			9.664	-0.4	
			9.668	-0.4	
			9.672	-0.4	
			9.676	-0.4	
			9.68	-0.4	
			9.684	-0.4	
			9.688	-0.4	
			9.692	-0.4	
			9.696	-0.4	
			9.7	-0.4	
			9.704	-0.4	
			9.708	-0.4	
			9.712	-0.4	
			9.716	-0.4	
			9.72	-0.4	
			9.724	-0.4	
			9.728	-0.4	
			9.732	-0.4	
			9.736	-0.4	
			9.74	-0.4	
			9.744	-0.4	
			9.748	-0.4	
			9.752	-0.4	
			9.756	-0.4	
			9.76	-0.4	
			9.764	-0.4	
			9.768	-0.4	
			9.772	-0.4	
			9.776	-0.4	
			9.78	-0.4	
			9.784	-0.4	
			9.788	-0.4	
			9.792	-0.4	
			9.796	-0.4	
			9.8	-0.4	
			9.804	-0.4	
			9.808	-0.4	
			9.812	-0.4	
			9.816	-0.4	
			9.82	-0.4	
			9.824	-0.4	
			9.828	-0.4	
			9.832	-0.4	
			9.836	-0.4	
			9.84	-0.4	
			9.844	-0.4	
			9.848	-0.4	
			9.852	-0.4	
			9.856	-0.4	
			9.86	-0.4	
			9.864	-0.4	
			9.868	-0.4	
			9.872	-0.4	
			9.876	-0.4	
			9.88	-0.4	
			9.884	-0.4	
			9.888	-0.4	
			9.892	-0.4	
			9.896	-0.4	
			9.9	-0.4	
			9.904	-0.4	
			9.908	-0.4	
			9.912	-0.4	
			9.916	-0.4	
			9.92	-0.4	
			9.924	-0.4	
			9.928	-0.4	
			9.932	-0.4	
			9.936	-0.4	
			9.94	-0.4	
			9.944	-0.4	
			9.948	-0.4	
			9.952	-0.4	
			9.956	-0.4	
			9.96	-0.4	
			9.964	-0.4	
			9.968	-0.4	
			9.972	-0.4	
			9.976	-0.4	
			9.98	-0.4	
			9.984	-0.4	
			9.988	-0.4	
			9.992	-0.4	
			9.996	-0.4	
