X	Y
0	-14077039.000000000
1	-13931897.000000000
2	-13885521.000000000
3	-13867204.000000000
4	-13888002.000000000
5	-13927770.000000000
6	-13965652.000000000
7	-14042032.000000000
8	-14058933.000000000
9	-14063232.000000000
10	-14056258.000000000
11	-14017988.000000000
12	-13977057.000000000
13	-13905740.000000000
14	-13815661.000000000
15	-13692853.000000000
16	-13532216.000000000
17	-13360399.000000000
18	-13177172.000000000
19	-12963049.000000000
20	-12741646.000000000
21	-12525197.000000000
22	-12323499.000000000
23	-12149390.000000000
24	-12019594.000000000
25	-11930214.000000000
26	-11870894.000000000
27	-11870714.000000000
28	-11919637.000000000
29	-12006228.000000000
30	-12110955.000000000
31	-12238196.000000000
32	-12382530.000000000
33	-12526199.000000000
34	-12674803.000000000
35	-12834342.000000000
36	-13007622.000000000
37	-13171948.000000000
38	-13316498.000000000
39	-13455196.000000000
40	-13566410.000000000
41	-13686058.000000000
42	-13796833.000000000
43	-13890438.000000000
44	-13965609.000000000
45	-14019054.000000000
46	-14066566.000000000
47	-14104163.000000000
48	-14147590.000000000
49	-14186152.000000000
50	-14203342.000000000
51	-14228012.000000000
52	-14253729.000000000
53	-14264635.000000000
54	-14275856.000000000
55	-14297171.000000000
56	-14330026.000000000
57	-14357916.000000000
58	-14385037.000000000
59	-14410369.000000000
60	-14422647.000000000
61	-14453810.000000000
62	-14498150.000000000
63	-14524759.000000000
64	-14541418.000000000
65	-14567122.000000000
66	-14579675.000000000
67	-14590019.000000000
68	-14590863.000000000
69	-14604490.000000000
70	-14601003.000000000
71	-14613051.000000000
72	-14623609.000000000
73	-14617498.000000000
74	-14609990.000000000
75	-14613706.000000000
76	-14600718.000000000
77	-14581102.000000000
78	-14565671.000000000
79	-14543258.000000000
80	-14514178.000000000
81	-14481769.000000000
82	-14438656.000000000
83	-14407142.000000000
84	-14386511.000000000
85	-14360648.000000000
86	-14350236.000000000
87	-14336907.000000000
88	-14314875.000000000
89	-14275544.000000000
90	-14242584.000000000
91	-14197664.000000000
92	-14149562.000000000
93	-14114276.000000000
94	-14082974.000000000
95	-14050702.000000000
96	-14010637.000000000
97	-14002853.000000000
98	-14029371.000000000
99	-14054456.000000000
100	-14055513.000000000
101	-14050014.000000000
102	-14008227.000000000
103	-13934140.000000000
104	-13839548.000000000
105	-13720346.000000000
106	-13556540.000000000
107	-13370364.000000000
108	-13154391.000000000
109	-12928620.000000000
110	-12705265.000000000
111	-12485922.000000000
112	-12295480.000000000
113	-12124196.000000000
114	-12006684.000000000
115	-11919819.000000000
116	-11865943.000000000
117	-11844832.000000000
118	-11854124.000000000
119	-11897267.000000000
120	-11970735.000000000
121	-12069503.000000000
122	-12203795.000000000
123	-12359030.000000000
124	-12521895.000000000
125	-12715134.000000000
126	-12900994.000000000
127	-13058271.000000000
128	-13212277.000000000
129	-13361880.000000000
130	-13505420.000000000
131	-13632342.000000000
132	-13727347.000000000
133	-13821141.000000000
134	-13895696.000000000
135	-13970746.000000000
136	-14014352.000000000
137	-14071641.000000000
138	-14117170.000000000
139	-14168046.000000000
140	-14180908.000000000
141	-14211626.000000000
142	-14233149.000000000
143	-14262261.000000000
144	-14286823.000000000
145	-14312722.000000000
146	-14318006.000000000
147	-14344016.000000000
148	-14363138.000000000
149	-14388862.000000000
150	-14422487.000000000
151	-14447735.000000000
152	-14471509.000000000
153	-14496658.000000000
154	-14529012.000000000
155	-14541900.000000000
156	-14550244.000000000
157	-14555076.000000000
158	-14575823.000000000
159	-14595335.000000000
160	-14606156.000000000
161	-14596837.000000000
162	-14601180.000000000
163	-14606834.000000000
164	-14616966.000000000
165	-14610654.000000000
166	-14601535.000000000
167	-14605408.000000000
168	-14595974.000000000
169	-14593028.000000000
170	-14579051.000000000
171	-14548804.000000000
172	-14515256.000000000
173	-14487172.000000000
174	-14461358.000000000
175	-14422512.000000000
176	-14384244.000000000
177	-14359302.000000000
178	-14336764.000000000
179	-14309698.000000000
180	-14293149.000000000
181	-14269704.000000000
182	-14226237.000000000
183	-14185738.000000000
184	-14153996.000000000
185	-14127295.000000000
186	-14081877.000000000
187	-14047141.000000000
188	-14028578.000000000
189	-14019695.000000000
190	-13999989.000000000
191	-13995650.000000000
192	-14021649.000000000
193	-14029483.000000000
194	-14020679.000000000
195	-13973844.000000000
196	-13912036.000000000
197	-13818462.000000000
198	-13661137.000000000
199	-13481151.000000000
200	-13297967.000000000
201	-13084800.000000000
202	-12839698.000000000
203	-12603236.000000000
204	-12399366.000000000
205	-12205386.000000000
206	-12061894.000000000
207	-11928437.000000000
208	-11869615.000000000
209	-11830488.000000000
210	-11842917.000000000
211	-11869367.000000000
212	-11918643.000000000
213	-11999227.000000000
214	-12114308.000000000
215	-12225472.000000000
216	-12348805.000000000
217	-12484544.000000000
218	-12654122.000000000
219	-12847499.000000000
220	-13021146.000000000
221	-13181143.000000000
222	-13324659.000000000
223	-13433021.000000000
224	-13555440.000000000
225	-13672507.000000000
226	-13770221.000000000
227	-13829580.000000000
228	-13903412.000000000
229	-13947590.000000000
230	-14006308.000000000
231	-14052843.000000000
232	-14103857.000000000
233	-14129720.000000000
234	-14153391.000000000
235	-14184772.000000000
236	-14228269.000000000
237	-14246123.000000000
238	-14257963.000000000
239	-14272404.000000000
240	-14298025.000000000
241	-14331628.000000000
242	-14361715.000000000
243	-14390728.000000000
244	-14411634.000000000
245	-14433701.000000000
246	-14454397.000000000
247	-14482879.000000000
248	-14507173.000000000
249	-14523583.000000000
250	-14543621.000000000
251	-14549417.000000000
252	-14567528.000000000
253	-14601390.000000000
254	-14590498.000000000
255	-14596112.000000000
256	-14626506.000000000
257	-14626339.000000000
258	-14621312.000000000
259	-14631385.000000000
260	-14643587.000000000
261	-14642343.000000000
262	-14633730.000000000
263	-14627101.000000000
264	-14607025.000000000
265	-14588939.000000000
266	-14561170.000000000
267	-14557128.000000000
268	-14516614.000000000
269	-14454959.000000000
270	-14418077.000000000
271	-14388620.000000000
272	-14362629.000000000
273	-14336353.000000000
274	-14313198.000000000
275	-14295241.000000000
276	-14250483.000000000
277	-14229949.000000000
278	-14224171.000000000
279	-14196736.000000000
280	-14163845.000000000
281	-14145397.000000000
282	-14119783.000000000
283	-14076708.000000000
284	-14057709.000000000
285	-14054475.000000000
286	-14042379.000000000
287	-14031787.000000000
288	-14042500.000000000
289	-14032328.000000000
290	-14022243.000000000
291	-13984873.000000000
292	-13909275.000000000
293	-13793578.000000000
294	-13642526.000000000
295	-13478940.000000000
296	-13309781.000000000
297	-13118854.000000000
298	-12880769.000000000
299	-12658141.000000000
300	-12454408.000000000
301	-12259606.000000000
302	-12107354.000000000
303	-11988522.000000000
304	-11907036.000000000
305	-11865740.000000000
306	-11853944.000000000
307	-11895658.000000000
308	-11938218.000000000
309	-12015923.000000000
310	-12142086.000000000
311	-12251785.000000000
312	-12380601.000000000
313	-12518326.000000000
314	-12685119.000000000
315	-12853975.000000000
316	-13017695.000000000
317	-13165247.000000000
318	-13306680.000000000
319	-13424888.000000000
320	-13561408.000000000
321	-13671282.000000000
322	-13764710.000000000
323	-13853345.000000000
324	-13934163.000000000
325	-13999337.000000000
326	-14056896.000000000
327	-14093248.000000000
328	-14138526.000000000
329	-14163045.000000000
330	-14192670.000000000
331	-14224642.000000000
332	-14256234.000000000
333	-14279769.000000000
334	-14298151.000000000
335	-14312543.000000000
336	-14322292.000000000
337	-14368778.000000000
338	-14390327.000000000
339	-14417353.000000000
340	-14442519.000000000
341	-14459268.000000000
342	-14482506.000000000
343	-14507746.000000000
344	-14539780.000000000
345	-14551964.000000000
346	-14561567.000000000
347	-14579359.000000000
348	-14583220.000000000
349	-14599940.000000000
350	-14614586.000000000
351	-14636538.000000000
352	-14631756.000000000
353	-14646779.000000000
354	-14649096.000000000
355	-14658810.000000000
356	-14665674.000000000
357	-14680784.000000000
358	-14681737.000000000
359	-14663948.000000000
360	-14657477.000000000
361	-14651073.000000000
362	-14637265.000000000
363	-14617820.000000000
364	-14591149.000000000
365	-14562216.000000000
366	-14533680.000000000
367	-14480183.000000000
368	-14436603.000000000
369	-14390436.000000000
370	-14364650.000000000
371	-14336484.000000000
372	-14326047.000000000
373	-14322771.000000000
374	-14304154.000000000
375	-14290609.000000000
376	-14275013.000000000
377	-14253483.000000000
378	-14218537.000000000
379	-14177801.000000000
380	-14143259.000000000
381	-14116296.000000000
382	-14097936.000000000
383	-14077322.000000000
384	-14042269.000000000
385	-14037363.000000000
386	-14055014.000000000
387	-14070223.000000000
388	-14057860.000000000
389	-14046041.000000000
390	-14003258.000000000
391	-13939274.000000000
392	-13818059.000000000
393	-13675575.000000000
394	-13504285.000000000
395	-13341187.000000000
396	-13125513.000000000
397	-12878693.000000000
398	-12670796.000000000
399	-12463390.000000000
400	-12275238.000000000
401	-12147910.000000000
402	-12052801.000000000
403	-11969100.000000000
404	-11916808.000000000
405	-11909913.000000000
406	-11915795.000000000
407	-11943307.000000000
408	-12001377.000000000
409	-12101358.000000000
410	-12212114.000000000
411	-12350104.000000000
412	-12491975.000000000
413	-12636677.000000000
414	-12801114.000000000
415	-12946114.000000000
416	-13095328.000000000
417	-13249732.000000000
418	-13371671.000000000
419	-13495629.000000000
420	-13607296.000000000
421	-13705823.000000000
422	-13795534.000000000
423	-13872167.000000000
424	-13931998.000000000
425	-14001945.000000000
426	-14088071.000000000
427	-14139138.000000000
428	-14174042.000000000
429	-14193548.000000000
430	-14220567.000000000
431	-14253324.000000000
432	-14264206.000000000
433	-14295674.000000000
434	-14313338.000000000
435	-14337417.000000000
436	-14349406.000000000
437	-14373319.000000000
438	-14393353.000000000
439	-14417922.000000000
440	-14452182.000000000
441	-14479531.000000000
442	-14509946.000000000
443	-14536860.000000000
444	-14564374.000000000
445	-14589500.000000000
446	-14616237.000000000
447	-14631326.000000000
448	-14649389.000000000
449	-14662725.000000000
450	-14670690.000000000
451	-14665321.000000000
452	-14667672.000000000
453	-14678480.000000000
454	-14689556.000000000
455	-14695165.000000000
456	-14711172.000000000
457	-14699436.000000000
458	-14694294.000000000
459	-14692701.000000000
460	-14692421.000000000
461	-14686763.000000000
462	-14679534.000000000
463	-14658294.000000000
464	-14634719.000000000
465	-14621980.000000000
466	-14617435.000000000
467	-14587573.000000000
468	-14559846.000000000
469	-14517122.000000000
470	-14474944.000000000
471	-14436380.000000000
472	-14414664.000000000
473	-14407598.000000000
474	-14380968.000000000
475	-14363615.000000000
476	-14348978.000000000
477	-14342352.000000000
478	-14316659.000000000
479	-14290852.000000000
480	-14270824.000000000
481	-14249582.000000000
482	-14222161.000000000
483	-14193702.000000000
484	-14164594.000000000
485	-14143449.000000000
486	-14131497.000000000
487	-14135918.000000000
488	-14136864.000000000
489	-14141806.000000000
490	-14123861.000000000
491	-14089540.000000000
492	-14034620.000000000
493	-13974121.000000000
494	-13893453.000000000
495	-13788991.000000000
496	-13653924.000000000
497	-13488036.000000000
498	-13297311.000000000
499	-13105885.000000000
500	-12908702.000000000
501	-12717378.000000000
502	-12531371.000000000
503	-12339433.000000000
504	-12195603.000000000
505	-12080687.000000000
506	-11998413.000000000
507	-11930886.000000000
508	-11899171.000000000
509	-11914631.000000000
510	-11978143.000000000
511	-12060682.000000000
512	-12158093.000000000
513	-12276929.000000000
514	-12412029.000000000
515	-12527155.000000000
516	-12644316.000000000
517	-12784179.000000000
518	-12932859.000000000
519	-13091269.000000000
520	-13238048.000000000
521	-13375352.000000000
522	-13495734.000000000
523	-13627432.000000000
524	-13752000.000000000
525	-13857943.000000000
526	-13944034.000000000
527	-14011053.000000000
528	-14067223.000000000
529	-14107894.000000000
530	-14137253.000000000
531	-14191352.000000000
532	-14228027.000000000
533	-14253031.000000000
534	-14291089.000000000
535	-14296558.000000000
536	-14323871.000000000
537	-14347085.000000000
538	-14363752.000000000
539	-14385127.000000000
540	-14402721.000000000
541	-14424527.000000000
542	-14439031.000000000
543	-14470180.000000000
544	-14490019.000000000
545	-14514028.000000000
546	-14528874.000000000
547	-14552638.000000000
548	-14574674.000000000
549	-14601674.000000000
550	-14620682.000000000
551	-14644774.000000000
552	-14670396.000000000
553	-14682805.000000000
554	-14696909.000000000
555	-14708702.000000000
556	-14709945.000000000
557	-14726183.000000000
558	-14747643.000000000
559	-14746916.000000000
560	-14751990.000000000
561	-14752950.000000000
562	-14767545.000000000
563	-14761118.000000000
564	-14765906.000000000
565	-14758431.000000000
566	-14752659.000000000
567	-14743705.000000000
568	-14748163.000000000
569	-14746092.000000000
570	-14720157.000000000
571	-14683724.000000000
572	-14667333.000000000
573	-14643130.000000000
574	-14623130.000000000
575	-14579895.000000000
576	-14546884.000000000
577	-14519016.000000000
578	-14483680.000000000
579	-14462006.000000000
580	-14441377.000000000
581	-14423284.000000000
582	-14403316.000000000
583	-14390162.000000000
584	-14374063.000000000
585	-14369371.000000000
586	-14351558.000000000
587	-14330040.000000000
588	-14319184.000000000
589	-14300509.000000000
590	-14279633.000000000
591	-14238847.000000000
592	-14213706.000000000
593	-14194275.000000000
594	-14201739.000000000
595	-14197557.000000000
596	-14207943.000000000
597	-14212074.000000000
598	-14196775.000000000
599	-14162457.000000000
600	-14088576.000000000
601	-13998999.000000000
602	-13866713.000000000
603	-13712090.000000000
604	-13550623.000000000
605	-13365255.000000000
606	-13171340.000000000
607	-12969723.000000000
608	-12750364.000000000
609	-12580817.000000000
610	-12415982.000000000
611	-12280594.000000000
612	-12181559.000000000
613	-12126579.000000000
614	-12062035.000000000
615	-12027410.000000000
616	-12022223.000000000
617	-12063075.000000000
618	-12101810.000000000
619	-12172869.000000000
620	-12272625.000000000
621	-12372466.000000000
622	-12513120.000000000
623	-12652393.000000000
624	-12792365.000000000
625	-12945876.000000000
626	-13072149.000000000
627	-13210583.000000000
628	-13328127.000000000
629	-13447934.000000000
630	-13578883.000000000
631	-13689970.000000000
632	-13814564.000000000
633	-13932853.000000000
634	-14013793.000000000
635	-14109206.000000000
636	-14168414.000000000
637	-14210713.000000000
638	-14253196.000000000
639	-14296077.000000000
640	-14322081.000000000
641	-14328922.000000000
642	-14353453.000000000
643	-14367450.000000000
644	-14380033.000000000
645	-14413191.000000000
646	-14436798.000000000
647	-14443430.000000000
648	-14451400.000000000
649	-14493632.000000000
650	-14524050.000000000
651	-14551601.000000000
652	-14565235.000000000
653	-14602269.000000000
654	-14605816.000000000
655	-14635903.000000000
656	-14650427.000000000
657	-14668409.000000000
658	-14673454.000000000
659	-14693178.000000000
660	-14693113.000000000
661	-14708858.000000000
662	-14737345.000000000
663	-14756962.000000000
664	-14768474.000000000
665	-14780055.000000000
666	-14786405.000000000
667	-14786476.000000000
668	-14794552.000000000
669	-14798759.000000000
670	-14804480.000000000
671	-14817977.000000000
672	-14802305.000000000
673	-14808192.000000000
674	-14799522.000000000
675	-14792062.000000000
676	-14779056.000000000
677	-14788605.000000000
678	-14780211.000000000
679	-14768801.000000000
680	-14757884.000000000
681	-14758814.000000000
682	-14740649.000000000
683	-14713750.000000000
684	-14695394.000000000
685	-14678815.000000000
686	-14647611.000000000
687	-14621856.000000000
688	-14594246.000000000
689	-14557661.000000000
690	-14511845.000000000
691	-14498907.000000000
692	-14497461.000000000
693	-14486982.000000000
694	-14499726.000000000
695	-14483391.000000000
696	-14480018.000000000
697	-14474435.000000000
698	-14441541.000000000
699	-14423285.000000000
700	-14422981.000000000
701	-14399257.000000000
702	-14385003.000000000
703	-14364645.000000000
704	-14326289.000000000
705	-14297585.000000000
706	-14279378.000000000
707	-14268921.000000000
708	-14290175.000000000
709	-14290582.000000000
710	-14284740.000000000
711	-14259362.000000000
712	-14196645.000000000
713	-14097906.000000000
714	-13980528.000000000
715	-13815981.000000000
716	-13667492.000000000
717	-13465429.000000000
718	-13282098.000000000
719	-13126031.000000000
720	-12898662.000000000
721	-12688845.000000000
722	-12529358.000000000
723	-12376325.000000000
724	-12296800.000000000
725	-12221370.000000000
726	-12155373.000000000
727	-12120766.000000000
728	-12115611.000000000
729	-12141773.000000000
730	-12197467.000000000
731	-12268773.000000000
732	-12374440.000000000
733	-12469418.000000000
734	-12589863.000000000
735	-12721185.000000000
736	-12865564.000000000
737	-13015018.000000000
738	-13135100.000000000
739	-13249015.000000000
740	-13356520.000000000
741	-13466726.000000000
742	-13613698.000000000
743	-13752208.000000000
744	-13858144.000000000
745	-13959481.000000000
746	-14052194.000000000
747	-14154691.000000000
748	-14227174.000000000
749	-14282721.000000000
750	-14333312.000000000
751	-14369953.000000000
752	-14411649.000000000
753	-14433905.000000000
754	-14451892.000000000
755	-14475906.000000000
756	-14490122.000000000
757	-14515194.000000000
758	-14510867.000000000
759	-14529234.000000000
760	-14562859.000000000
761	-14578420.000000000
762	-14583815.000000000
763	-14587242.000000000
764	-14597927.000000000
765	-14614175.000000000
766	-14629331.000000000
767	-14644336.000000000
768	-14667630.000000000
769	-14694533.000000000
770	-14717666.000000000
771	-14724050.000000000
772	-14727482.000000000
773	-14754158.000000000
774	-14775617.000000000
775	-14790861.000000000
776	-14791977.000000000
777	-14807124.000000000
778	-14817845.000000000
779	-14819466.000000000
780	-14837285.000000000
781	-14829151.000000000
782	-14826807.000000000
783	-14838798.000000000
784	-14857974.000000000
785	-14845047.000000000
786	-14844224.000000000
787	-14854170.000000000
788	-14853109.000000000
789	-14853715.000000000
790	-14857609.000000000
791	-14848573.000000000
792	-14837004.000000000
793	-14843850.000000000
794	-14851407.000000000
795	-14846751.000000000
796	-14820760.000000000
797	-14804330.000000000
798	-14794730.000000000
799	-14788866.000000000
800	-14759733.000000000
801	-14740907.000000000
802	-14723404.000000000
803	-14691174.000000000
804	-14663453.000000000
805	-14642464.000000000
806	-14622412.000000000
807	-14602471.000000000
808	-14578635.000000000
809	-14566685.000000000
810	-14557904.000000000
811	-14556652.000000000
812	-14549777.000000000
813	-14549235.000000000
814	-14565735.000000000
815	-14580856.000000000
816	-14564186.000000000
817	-14557093.000000000
818	-14546264.000000000
819	-14516525.000000000
820	-14478549.000000000
821	-14464863.000000000
822	-14439042.000000000
823	-14410477.000000000
824	-14415074.000000000
825	-14417126.000000000
826	-14406541.000000000
827	-14398717.000000000
828	-14376764.000000000
829	-14320640.000000000
830	-14245051.000000000
831	-14160876.000000000
832	-14069560.000000000
833	-13940696.000000000
834	-13784629.000000000
835	-13591194.000000000
836	-13408744.000000000
837	-13235615.000000000
838	-13041017.000000000
839	-12819062.000000000
840	-12666915.000000000
841	-12539018.000000000
842	-12408617.000000000
843	-12320751.000000000
844	-12265640.000000000
845	-12260738.000000000
846	-12287113.000000000
847	-12329787.000000000
848	-12401494.000000000
849	-12491928.000000000
850	-12588451.000000000
851	-12665750.000000000
852	-12781647.000000000
853	-12915226.000000000
854	-13046329.000000000
855	-13161533.000000000
856	-13262893.000000000
857	-13370673.000000000
858	-13484142.000000000
859	-13610181.000000000
860	-13736005.000000000
861	-13837924.000000000
862	-13925387.000000000
863	-14016647.000000000
864	-14100441.000000000
865	-14207369.000000000
866	-14273777.000000000
867	-14334891.000000000
868	-14391420.000000000
869	-14439343.000000000
870	-14501241.000000000
871	-14535782.000000000
872	-14550648.000000000
873	-14567217.000000000
874	-14604383.000000000
875	-14625530.000000000
876	-14645300.000000000
877	-14651953.000000000
878	-14666366.000000000
879	-14667039.000000000
880	-14678584.000000000
881	-14682235.000000000
882	-14687356.000000000
883	-14698357.000000000
884	-14714167.000000000
885	-14723098.000000000
886	-14735625.000000000
887	-14764876.000000000
888	-14787135.000000000
889	-14793372.000000000
890	-14796858.000000000
891	-14830293.000000000
892	-14857414.000000000
893	-14857889.000000000
894	-14862713.000000000
895	-14880531.000000000
896	-14885204.000000000
897	-14892901.000000000
898	-14904230.000000000
899	-14902916.000000000
900	-14909719.000000000
901	-14915049.000000000
902	-14918582.000000000
903	-14939590.000000000
904	-14944701.000000000
905	-14947124.000000000
906	-14948470.000000000
907	-14954446.000000000
908	-14949571.000000000
909	-14945646.000000000
910	-14952210.000000000
911	-14940815.000000000
912	-14938998.000000000
913	-14948622.000000000
914	-14969821.000000000
915	-14973702.000000000
916	-14945495.000000000
917	-14945274.000000000
918	-14937080.000000000
919	-14940440.000000000
920	-14920005.000000000
921	-14887933.000000000
922	-14862570.000000000
923	-14852573.000000000
924	-14827444.000000000
925	-14792938.000000000
926	-14783888.000000000
927	-14774136.000000000
928	-14746103.000000000
929	-14727247.000000000
930	-14713008.000000000
931	-14709757.000000000
932	-14692229.000000000
933	-14681018.000000000
934	-14676840.000000000
935	-14687653.000000000
936	-14711955.000000000
937	-14715160.000000000
938	-14715994.000000000
939	-14703949.000000000
940	-14696423.000000000
941	-14684386.000000000
942	-14676434.000000000
943	-14663841.000000000
944	-14635010.000000000
945	-14613113.000000000
946	-14587084.000000000
947	-14577042.000000000
948	-14573348.000000000
949	-14566498.000000000
950	-14545621.000000000
951	-14536474.000000000
952	-14530858.000000000
953	-14517920.000000000
954	-14470242.000000000
955	-14379979.000000000
956	-14262060.000000000
957	-14132602.000000000
958	-14001816.000000000
959	-13833418.000000000
960	-13637841.000000000
961	-13451242.000000000
962	-13271085.000000000
963	-13065426.000000000
964	-12890245.000000000
965	-12731074.000000000
966	-12610234.000000000
967	-12495001.000000000
968	-12430388.000000000
969	-12391979.000000000
970	-12388613.000000000
971	-12431812.000000000
972	-12482403.000000000
973	-12568065.000000000
974	-12680810.000000000
975	-12799024.000000000
976	-12911059.000000000
977	-13048810.000000000
978	-13182768.000000000
979	-13300614.000000000
980	-13390029.000000000
981	-13499793.000000000
982	-13599574.000000000
983	-13712642.000000000
984	-13815201.000000000
985	-13915160.000000000
986	-14005483.000000000
987	-14098322.000000000
988	-14210873.000000000
989	-14304308.000000000
990	-14386977.000000000
991	-14440715.000000000
992	-14499207.000000000
993	-14563843.000000000
994	-14605688.000000000
995	-14641020.000000000
996	-14668589.000000000
997	-14694913.000000000
998	-14710616.000000000
999	-14735199.000000000
1000	-14751477.000000000
1001	-14760733.000000000
1002	-14763059.000000000
1003	-14771103.000000000
1004	-14766143.000000000
1005	-14784764.000000000
1006	-14801134.000000000
1007	-14805317.000000000
1008	-14808942.000000000
1009	-14818872.000000000
1010	-14824578.000000000
1011	-14826613.000000000
1012	-14836605.000000000
1013	-14843935.000000000
1014	-14866515.000000000
1015	-14881880.000000000
1016	-14904202.000000000
1017	-14911388.000000000
1018	-14940547.000000000
1019	-14951366.000000000
1020	-14959654.000000000
1021	-14983181.000000000
1022	-15006535.000000000
1023	-15018215.000000000
1024	-15034876.000000000
1025	-15043352.000000000
1026	-15052968.000000000
1027	-15052234.000000000
1028	-15054906.000000000
1029	-15067116.000000000
1030	-15075472.000000000
1031	-15073456.000000000
1032	-15064587.000000000
1033	-15059184.000000000
1034	-15063230.000000000
1035	-15069647.000000000
1036	-15070746.000000000
1037	-15073396.000000000
1038	-15054404.000000000
1039	-15054267.000000000
1040	-15065370.000000000
1041	-15075916.000000000
1042	-15077689.000000000
1043	-15090379.000000000
1044	-15090099.000000000
1045	-15095919.000000000
1046	-15082153.000000000
1047	-15082805.000000000
1048	-15070759.000000000
1049	-15026763.000000000
1050	-15015305.000000000
1051	-14984956.000000000
1052	-14966184.000000000
1053	-14948402.000000000
1054	-14939727.000000000
1055	-14923634.000000000
1056	-14906495.000000000
1057	-14885245.000000000
1058	-14861262.000000000
1059	-14857975.000000000
1060	-14853488.000000000
1061	-14851382.000000000
1062	-14842622.000000000
1063	-14826634.000000000
1064	-14828062.000000000
1065	-14825503.000000000
1066	-14824916.000000000
1067	-14833054.000000000
1068	-14840736.000000000
1069	-14844756.000000000
1070	-14850584.000000000
1071	-14852676.000000000
1072	-14845931.000000000
1073	-14846423.000000000
1074	-14830301.000000000
1075	-14805029.000000000
1076	-14794678.000000000
1077	-14777994.000000000
1078	-14734965.000000000
1079	-14715636.000000000
1080	-14702863.000000000
1081	-14690993.000000000
1082	-14693091.000000000
1083	-14695257.000000000
1084	-14664249.000000000
1085	-14633015.000000000
1086	-14599991.000000000
1087	-14552633.000000000
1088	-14481938.000000000
1089	-14368639.000000000
1090	-14223210.000000000
1091	-14082712.000000000
1092	-13930858.000000000
1093	-13754573.000000000
1094	-13556596.000000000
1095	-13350939.000000000
1096	-13169802.000000000
1097	-13001885.000000000
1098	-12838206.000000000
1099	-12699546.000000000
1100	-12614963.000000000
1101	-12573550.000000000
1102	-12577439.000000000
1103	-12606381.000000000
1104	-12680966.000000000
1105	-12741778.000000000
1106	-12821788.000000000
1107	-12957838.000000000
1108	-13069019.000000000
1109	-13192218.000000000
1110	-13303828.000000000
1111	-13413131.000000000
1112	-13536208.000000000
1113	-13654286.000000000
1114	-13778757.000000000
1115	-13900187.000000000
1116	-13997838.000000000
1117	-14095443.000000000
1118	-14186290.000000000
1119	-14274398.000000000
1120	-14381341.000000000
1121	-14479852.000000000
1122	-14545207.000000000
1123	-14615012.000000000
1124	-14658658.000000000
1125	-14698728.000000000
1126	-14744663.000000000
1127	-14778482.000000000
1128	-14817891.000000000
1129	-14852445.000000000
1130	-14877163.000000000
1131	-14889818.000000000
1132	-14923683.000000000
1133	-14940227.000000000
1134	-14951288.000000000
1135	-14958068.000000000
1136	-14967655.000000000
1137	-14952599.000000000
1138	-14948356.000000000
1139	-14951482.000000000
1140	-14942350.000000000
1141	-14944230.000000000
1142	-14947291.000000000
1143	-14955202.000000000
1144	-14977927.000000000
1145	-14973753.000000000
1146	-14981316.000000000
1147	-14998956.000000000
1148	-15014188.000000000
1149	-15021919.000000000
1150	-15039741.000000000
1151	-15051852.000000000
1152	-15072514.000000000
1153	-15106786.000000000
1154	-15142507.000000000
1155	-15157386.000000000
1156	-15180536.000000000
1157	-15185368.000000000
1158	-15183671.000000000
1159	-15202255.000000000
1160	-15224959.000000000
1161	-15235571.000000000
1162	-15227057.000000000
1163	-15240304.000000000
1164	-15246406.000000000
1165	-15253703.000000000
1166	-15250164.000000000
1167	-15253630.000000000
1168	-15258204.000000000
1169	-15265723.000000000
1170	-15259564.000000000
1171	-15253882.000000000
1172	-15257080.000000000
1173	-15245783.000000000
1174	-15256218.000000000
1175	-15273429.000000000
1176	-15261403.000000000
1177	-15261092.000000000
1178	-15270870.000000000
1179	-15259586.000000000
1180	-15249317.000000000
1181	-15253765.000000000
1182	-15255635.000000000
1183	-15247989.000000000
1184	-15251580.000000000
1185	-15248983.000000000
1186	-15237915.000000000
1187	-15227778.000000000
1188	-15226250.000000000
1189	-15220589.000000000
1190	-15193431.000000000
1191	-15167658.000000000
1192	-15139976.000000000
1193	-15116307.000000000
1194	-15093021.000000000
1195	-15062829.000000000
1196	-15048315.000000000
1197	-15029037.000000000
1198	-15020756.000000000
1199	-15004657.000000000
1200	-14980346.000000000
1201	-14976599.000000000
1202	-14975631.000000000
1203	-14992549.000000000
1204	-15004749.000000000
1205	-15005662.000000000
1206	-15004714.000000000
1207	-15020138.000000000
1208	-15020258.000000000
1209	-15016320.000000000
1210	-15020711.000000000
1211	-15021888.000000000
1212	-15018236.000000000
1213	-15014752.000000000
1214	-15016322.000000000
1215	-15014661.000000000
1216	-15001627.000000000
1217	-14990556.000000000
1218	-14969841.000000000
1219	-14949134.000000000
1220	-14934269.000000000
1221	-14947832.000000000
1222	-14936552.000000000
1223	-14930360.000000000
1224	-14918480.000000000
1225	-14919523.000000000
1226	-14893258.000000000
1227	-14850111.000000000
1228	-14800716.000000000
1229	-14737295.000000000
1230	-14653631.000000000
1231	-14563620.000000000
1232	-14426141.000000000
1233	-14281092.000000000
1234	-14109956.000000000
1235	-13958487.000000000
1236	-13801021.000000000
1237	-13639546.000000000
1238	-13473874.000000000
1239	-13325643.000000000
1240	-13191768.000000000
1241	-13099960.000000000
1242	-13010065.000000000
1243	-12945353.000000000
1244	-12931799.000000000
1245	-12945856.000000000
1246	-12971238.000000000
1247	-13011115.000000000
1248	-13102441.000000000
1249	-13191296.000000000
1250	-13294846.000000000
1251	-13403123.000000000
1252	-13547400.000000000
1253	-13660398.000000000
1254	-13790775.000000000
1255	-13917471.000000000
1256	-14017483.000000000
1257	-14130522.000000000
1258	-14232191.000000000
1259	-14349221.000000000
1260	-14441907.000000000
1261	-14529748.000000000
1262	-14612404.000000000
1263	-14700557.000000000
1264	-14776086.000000000
1265	-14827753.000000000
1266	-14880595.000000000
1267	-14909221.000000000
1268	-14948776.000000000
1269	-14977294.000000000
1270	-14999850.000000000
1271	-15024150.000000000
1272	-15036824.000000000
1273	-15053027.000000000
1274	-15060900.000000000
1275	-15092373.000000000
1276	-15127264.000000000
1277	-15136458.000000000
1278	-15141681.000000000
1279	-15153005.000000000
1280	-15107164.000000000
1281	-15078820.000000000
1282	-15097933.000000000
1283	-15119056.000000000
1284	-15125762.000000000
1285	-15189249.000000000
1286	-15212728.000000000
1287	-15202535.000000000
1288	NaN
