0	-11884353.000000000	
1	-11816034.000000000	
2	-11792178.000000000	
3	-11798316.000000000	
4	-11878512.000000000	
5	-11987971.000000000	
6	-12144917.000000000	
7	-12258977.000000000	
8	-12345244.000000000	
9	-12455499.000000000	
10	-12529895.000000000	
11	-12607505.000000000	
12	-12683607.000000000	
13	-12741073.000000000	
14	-12806743.000000000	
15	-12846139.000000000	
16	-12854276.000000000	
17	-12868956.000000000	
18	-12876564.000000000	
19	-12900293.000000000	
20	-12910165.000000000	
21	-12923339.000000000	
22	-12921645.000000000	
23	-12916541.000000000	
24	-12944261.000000000	
25	-12977813.000000000	
26	-12988401.000000000	
27	-13004410.000000000	
28	-13005400.000000000	
29	-13027812.000000000	
30	-13033129.000000000	
31	-13048253.000000000	
32	-13054073.000000000	
33	-13059976.000000000	
34	-13072352.000000000	
35	-13090434.000000000	
36	-13115454.000000000	
37	-13127227.000000000	
38	-13119740.000000000	
39	-13085303.000000000	
40	-13060828.000000000	
41	-13002455.000000000	
42	-12898447.000000000	
43	-12785184.000000000	
44	-12673861.000000000	
45	-12550029.000000000	
46	-12414864.000000000	
47	-12301945.000000000	
48	-12158551.000000000	
49	-12063088.000000000	
50	-11985308.000000000	
51	-11904695.000000000	
52	-11853832.000000000	
53	-11839891.000000000	
54	-11841306.000000000	
55	-11849767.000000000	
56	-11881569.000000000	
57	-11943653.000000000	
58	-11995072.000000000	
59	-12069250.000000000	
60	-12157026.000000000	
61	-12267576.000000000	
62	-12371300.000000000	
63	-12471056.000000000	
64	-12570309.000000000	
65	-12640554.000000000	
66	-12688065.000000000	
67	-12746179.000000000	
68	-12811419.000000000	
69	-12833139.000000000	
70	-12868253.000000000	
71	-12911678.000000000	
72	-12951979.000000000	
73	-12972287.000000000	
74	-12966529.000000000	
75	-12949722.000000000	
76	-12915211.000000000	
77	-12864788.000000000	
78	-12801988.000000000	
79	-12718554.000000000	
80	-12590354.000000000	
81	-12467182.000000000	
82	-12328885.000000000	
83	-12221129.000000000	
84	-12110999.000000000	
85	-12008578.000000000	
86	-11935495.000000000	
87	-11859204.000000000	
88	-11800566.000000000	
89	-11764501.000000000	
90	-11741119.000000000	
91	-11759794.000000000	
92	-11802389.000000000	
93	-11855995.000000000	
94	-11927210.000000000	
95	-12016406.000000000	
96	-12105202.000000000	
97	-12212234.000000000	
98	-12305115.000000000	
99	-12392485.000000000	
100	-12473713.000000000	
101	-12555651.000000000	
102	-12621137.000000000	
103	-12679828.000000000	
104	-12753661.000000000	
105	-12797993.000000000	
106	-12834893.000000000	
107	-12853869.000000000	
108	-12865526.000000000	
109	-12883283.000000000	
110	-12889079.000000000	
111	-12878247.000000000	
112	-12875653.000000000	
113	-12881812.000000000	
114	-12886096.000000000	
115	-12901355.000000000	
116	-12894308.000000000	
117	-12913590.000000000	
118	-12938091.000000000	
119	-12948278.000000000	
120	-12952304.000000000	
121	-12965112.000000000	
122	-13001560.000000000	
123	-13016073.000000000	
124	-13035278.000000000	
125	-13058053.000000000	
126	-13083693.000000000	
127	-13075303.000000000	
128	-13074832.000000000	
129	-13081893.000000000	
130	-13072853.000000000	
131	-13030304.000000000	
132	-12973915.000000000	
133	-12905553.000000000	
134	-12806919.000000000	
135	-12697456.000000000	
136	-12569423.000000000	
137	-12421889.000000000	
138	-12282865.000000000	
139	-12165936.000000000	
140	-12030636.000000000	
141	-11918414.000000000	
142	-11841076.000000000	
143	-11780046.000000000	
144	-11732375.000000000	
145	-11723460.000000000	
146	-11742566.000000000	
147	-11778799.000000000	
148	-11825002.000000000	
149	-11879381.000000000	
150	-11925653.000000000	
151	-11993311.000000000	
152	-12069752.000000000	
153	-12170595.000000000	
154	-12268065.000000000	
155	-12373287.000000000	
156	-12426563.000000000	
157	-12483582.000000000	
158	-12580160.000000000	
159	-12654429.000000000	
160	-12725680.000000000	
161	-12768508.000000000	
162	-12804865.000000000	
163	-12847110.000000000	
164	-12881661.000000000	
165	-12913785.000000000	
166	-12931487.000000000	
167	-12933800.000000000	
168	-12918265.000000000	
169	-12881774.000000000	
170	-12801357.000000000	
171	-12706440.000000000	
172	-12596042.000000000	
173	-12480378.000000000	
174	-12355162.000000000	
175	-12248327.000000000	
176	-12118154.000000000	
177	-11965169.000000000	
178	-11842687.000000000	
179	-11776338.000000000	
180	-11729922.000000000	
181	-11677691.000000000	
182	-11638273.000000000	
183	-11626530.000000000	
184	-11643470.000000000	
185	-11672158.000000000	
186	-11740926.000000000	
187	-11801542.000000000	
188	-11880854.000000000	
189	-11966821.000000000	
190	-12081315.000000000	
191	-12192583.000000000	
192	-12305363.000000000	
193	-12396363.000000000	
194	-12495287.000000000	
195	-12573603.000000000	
196	-12640425.000000000	
197	-12696879.000000000	
198	-12737587.000000000	
199	-12778660.000000000	
200	-12812368.000000000	
201	-12822820.000000000	
202	-12826347.000000000	
203	-12824944.000000000	
204	-12823387.000000000	
205	-12837830.000000000	
206	-12830065.000000000	
207	-12832812.000000000	
208	-12829083.000000000	
209	-12839692.000000000	
210	-12854124.000000000	
211	-12871840.000000000	
212	-12878388.000000000	
213	-12893882.000000000	
214	-12909361.000000000	
215	-12923852.000000000	
216	-12948958.000000000	
217	-12968116.000000000	
218	-12998348.000000000	
219	-13028892.000000000	
220	-13027248.000000000	
221	-13017055.000000000	
222	-13017971.000000000	
223	-13006617.000000000	
224	-12978860.000000000	
225	-12949325.000000000	
226	-12881720.000000000	
227	-12846138.000000000	
228	-12785215.000000000	
229	-12653349.000000000	
230	-12503073.000000000	
231	-12388274.000000000	
232	-12252303.000000000	
233	-12117417.000000000	
234	-11974738.000000000	
235	-11858737.000000000	
236	-11722521.000000000	
237	-11637103.000000000	
238	-11588384.000000000	
239	-11562917.000000000	
240	-11550827.000000000	
241	-11588873.000000000	
242	-11651922.000000000	
243	-11705565.000000000	
244	-11748902.000000000	
245	-11807111.000000000	
246	-11879661.000000000	
247	-11957186.000000000	
248	-12029136.000000000	
249	-12130759.000000000	
250	-12230255.000000000	
251	-12323728.000000000	
252	-12426995.000000000	
253	-12510827.000000000	
254	-12560364.000000000	
255	-12601361.000000000	
256	-12666932.000000000	
257	-12714904.000000000	
258	-12765961.000000000	
259	-12800329.000000000	
260	-12831832.000000000	
261	-12877764.000000000	
262	-12894690.000000000	
263	-12896020.000000000	
264	-12871408.000000000	
265	-12832122.000000000	
266	-12729707.000000000	
267	-12644494.000000000	
268	-12519251.000000000	
269	-12383258.000000000	
270	-12246224.000000000	
271	-12107045.000000000	
272	-11951120.000000000	
273	-11828357.000000000	
274	-11711905.000000000	
275	-11618861.000000000	
276	-11536938.000000000	
277	-11506142.000000000	
278	-11506628.000000000	
279	-11506878.000000000	
280	-11525830.000000000	
281	-11556414.000000000	
282	-11630431.000000000	
283	-11719656.000000000	
284	-11792239.000000000	
285	-11876548.000000000	
286	-11982859.000000000	
287	-12101485.000000000	
288	-12190547.000000000	
289	-12290771.000000000	
290	-12375396.000000000	
291	-12455449.000000000	
292	-12531223.000000000	
293	-12611086.000000000	
294	-12676068.000000000	
295	-12708932.000000000	
296	-12728459.000000000	
297	-12771940.000000000	
298	-12782420.000000000	
299	-12779967.000000000	
300	-12772831.000000000	
301	-12773035.000000000	
302	-12789806.000000000	
303	-12780854.000000000	
304	-12770853.000000000	
305	-12802210.000000000	
306	-12814713.000000000	
307	-12816270.000000000	
308	-12827240.000000000	
309	-12845731.000000000	
310	-12855067.000000000	
311	-12873048.000000000	
312	-12892601.000000000	
313	-12903182.000000000	
314	-12920528.000000000	
315	-12928616.000000000	
316	-12944857.000000000	
317	-12966862.000000000	
318	-12974094.000000000	
319	-12962789.000000000	
320	-12963357.000000000	
321	-12967504.000000000	
322	-12953009.000000000	
323	-12931970.000000000	
324	-12895235.000000000	
325	-12817332.000000000	
326	-12710715.000000000	
327	-12597211.000000000	
328	-12467537.000000000	
329	-12319645.000000000	
330	-12176701.000000000	
331	-12024516.000000000	
332	-11899326.000000000	
333	-11771156.000000000	
334	-11665240.000000000	
335	-11607363.000000000	
336	-11558476.000000000	
337	-11516705.000000000	
338	-11513260.000000000	
339	-11530203.000000000	
340	-11560070.000000000	
341	-11619180.000000000	
342	-11683484.000000000	
343	-11757015.000000000	
344	-11823345.000000000	
345	-11920898.000000000	
346	-12025360.000000000	
347	-12110177.000000000	
348	-12195913.000000000	
349	-12301053.000000000	
350	-12378773.000000000	
351	-12456452.000000000	
352	-12521554.000000000	
353	-12589503.000000000	
354	-12654052.000000000	
355	-12713676.000000000	
356	-12749354.000000000	
357	-12785098.000000000	
358	-12822093.000000000	
359	-12857394.000000000	
360	-12877275.000000000	
361	-12878403.000000000	
362	-12883831.000000000	
363	-12853878.000000000	
364	-12798247.000000000	
365	-12719615.000000000	
366	-12616636.000000000	
367	-12519483.000000000	
368	-12402069.000000000	
369	-12266062.000000000	
370	-12135775.000000000	
371	-12000119.000000000	
372	-11874310.000000000	
373	-11757389.000000000	
374	-11639373.000000000	
375	-11553094.000000000	
376	-11489477.000000000	
377	-11451512.000000000	
378	-11431025.000000000	
379	-11438240.000000000	
380	-11485521.000000000	
381	-11531887.000000000	
382	-11615367.000000000	
383	-11679459.000000000	
384	-11777848.000000000	
385	-11875218.000000000	
386	-11969570.000000000	
387	-12075609.000000000	
388	-12158907.000000000	
389	-12256711.000000000	
390	-12355111.000000000	
391	-12453835.000000000	
392	-12528811.000000000	
393	-12586944.000000000	
394	-12655503.000000000	
395	-12725570.000000000	
396	-12755152.000000000	
397	-12765318.000000000	
398	-12783067.000000000	
399	-12788068.000000000	
400	-12777076.000000000	
401	-12770967.000000000	
402	-12773198.000000000	
403	-12775949.000000000	
404	-12769537.000000000	
405	-12782772.000000000	
406	-12794911.000000000	
407	-12815685.000000000	
408	-12813064.000000000	
409	-12814281.000000000	
410	-12821577.000000000	
411	-12860936.000000000	
412	-12888354.000000000	
413	-12909531.000000000	
414	-12915633.000000000	
415	-12919951.000000000	
416	-12914956.000000000	
417	-12935913.000000000	
418	-12960695.000000000	
419	-12962569.000000000	
420	-12963210.000000000	
421	-12991022.000000000	
422	-12999292.000000000	
423	-12974863.000000000	
424	-12932378.000000000	
425	-12897904.000000000	
426	-12812488.000000000	
427	-12708563.000000000	
428	-12588525.000000000	
429	-12457301.000000000	
430	-12321692.000000000	
431	-12198502.000000000	
432	-12039187.000000000	
433	-11875187.000000000	
434	-11741820.000000000	
435	-11663134.000000000	
436	-11577955.000000000	
437	-11510941.000000000	
438	-11471321.000000000	
439	-11442181.000000000	
440	-11437242.000000000	
441	-11462718.000000000	
442	-11505421.000000000	
443	-11562548.000000000	
444	-11644212.000000000	
445	-11726876.000000000	
446	-11820710.000000000	
447	-11931000.000000000	
448	-12026786.000000000	
449	-12103202.000000000	
450	-12193311.000000000	
451	-12277047.000000000	
452	-12349729.000000000	
453	-12430372.000000000	
454	-12496518.000000000	
455	-12555193.000000000	
456	-12625812.000000000	
457	-12679603.000000000	
458	-12738036.000000000	
459	-12770214.000000000	
460	-12812946.000000000	
461	-12836487.000000000	
462	-12847315.000000000	
463	-12833136.000000000	
464	-12826213.000000000	
465	-12842564.000000000	
466	-12815853.000000000	
467	-12791189.000000000	
468	-12733270.000000000	
469	-12620043.000000000	
470	-12475815.000000000	
471	-12341978.000000000	
472	-12205153.000000000	
473	-12071231.000000000	
474	-11917330.000000000	
475	-11774547.000000000	
476	-11651293.000000000	
477	-11560769.000000000	
478	-11477624.000000000	
479	-11420331.000000000	
480	-11394613.000000000	
481	-11406378.000000000	
482	-11430235.000000000	
483	-11451822.000000000	
484	-11482934.000000000	
485	-11527884.000000000	
486	-11592284.000000000	
487	-11685211.000000000	
488	-11782089.000000000	
489	-11904809.000000000	
490	-12005062.000000000	
491	-12127178.000000000	
492	-12242026.000000000	
493	-12346080.000000000	
494	-12428946.000000000	
495	-12504612.000000000	
496	-12557660.000000000	
497	-12628059.000000000	
498	-12685735.000000000	
499	-12728210.000000000	
500	-12757102.000000000	
501	-12789683.000000000	
502	-12794056.000000000	
503	-12801318.000000000	
504	-12805404.000000000	
505	-12787368.000000000	
506	-12780875.000000000	
507	-12765468.000000000	
508	-12750322.000000000	
509	-12768824.000000000	
510	-12792723.000000000	
511	-12821064.000000000	
512	-12848179.000000000	
513	-12870901.000000000	
514	-12888248.000000000	
515	-12882859.000000000	
516	-12902474.000000000	
517	-12920782.000000000	
518	-12938031.000000000	
519	-12942649.000000000	
520	-12963676.000000000	
521	-12988758.000000000	
522	-12996900.000000000	
523	-12991884.000000000	
524	-12992232.000000000	
525	-12997273.000000000	
526	-13004889.000000000	
527	-13003504.000000000	
528	-12982732.000000000	
529	-12954855.000000000	
530	-12909040.000000000	
531	-12874098.000000000	
532	-12797292.000000000	
533	-12700752.000000000	
534	-12563784.000000000	
535	-12422938.000000000	
536	-12277527.000000000	
537	-12131486.000000000	
538	-11952552.000000000	
539	-11803279.000000000	
540	-11694902.000000000	
541	-11590544.000000000	
542	-11533921.000000000	
543	-11507520.000000000	
544	-11491135.000000000	
545	-11489752.000000000	
546	-11491543.000000000	
547	-11518123.000000000	
548	-11566764.000000000	
549	-11620389.000000000	
550	-11684591.000000000	
551	-11780745.000000000	
552	-11880141.000000000	
553	-11981915.000000000	
554	-12074256.000000000	
555	-12166134.000000000	
556	-12260120.000000000	
557	-12372559.000000000	
558	-12473601.000000000	
559	-12541883.000000000	
560	-12594938.000000000	
561	-12631604.000000000	
562	-12682625.000000000	
563	-12704305.000000000	
564	-12734236.000000000	
565	-12792501.000000000	
566	-12844534.000000000	
567	-12893651.000000000	
568	-12909217.000000000	
569	-12935511.000000000	
570	-12948156.000000000	
571	-12931040.000000000	
572	-12929075.000000000	
573	-12879472.000000000	
574	-12821630.000000000	
575	-12741479.000000000	
576	-12654554.000000000	
577	-12530965.000000000	
578	-12401109.000000000	
579	-12260114.000000000	
580	-12107350.000000000	
581	-11929772.000000000	
582	-11794368.000000000	
583	-11667850.000000000	
584	-11560748.000000000	
585	-11470632.000000000	
586	-11417024.000000000	
587	-11389039.000000000	
588	-11384588.000000000	
589	-11405477.000000000	
590	-11451416.000000000	
591	-11511238.000000000	
592	-11569090.000000000	
593	-11651425.000000000	
594	-11746523.000000000	
595	-11841625.000000000	
596	-11938146.000000000	
597	-12057043.000000000	
598	-12148806.000000000	
599	-12219551.000000000	
600	-12280193.000000000	
601	-12374498.000000000	
602	-12456344.000000000	
603	-12536302.000000000	
604	-12622838.000000000	
605	-12679238.000000000	
606	-12744659.000000000	
607	-12791618.000000000	
608	-12816746.000000000	
609	-12863006.000000000	
610	-12851108.000000000	
611	-12869445.000000000	
612	-12866741.000000000	
613	-12841116.000000000	
614	-12840006.000000000	
615	-12846240.000000000	
616	-12838567.000000000	
617	-12809387.000000000	
618	-12815081.000000000	
619	-12844838.000000000	
620	-12847733.000000000	
621	-12867409.000000000	
622	-12897724.000000000	
623	-12913966.000000000	
624	-12918811.000000000	
625	-12948971.000000000	
626	-12976153.000000000	
627	-12997133.000000000	
628	-12993011.000000000	
629	-13010702.000000000	
630	-13007454.000000000	
631	-13027414.000000000	
632	-13061585.000000000	
633	-13093737.000000000	
634	-13083768.000000000	
635	-13093981.000000000	
636	-13098799.000000000	
637	-13073675.000000000	
638	-13032123.000000000	
639	-13021842.000000000	
640	-12960820.000000000	
641	-12900471.000000000	
642	-12792815.000000000	
643	-12684779.000000000	
644	-12550677.000000000	
645	-12414016.000000000	
646	-12256619.000000000	
647	-12107839.000000000	
648	-11981105.000000000	
649	-11848052.000000000	
650	-11730662.000000000	
651	-11630033.000000000	
652	-11551072.000000000	
653	-11513957.000000000	
654	-11482766.000000000	
655	-11480495.000000000	
656	-11489663.000000000	
657	-11529957.000000000	
658	-11586803.000000000	
659	-11662320.000000000	
660	-11749860.000000000	
661	-11850354.000000000	
662	-11934297.000000000	
663	-12037639.000000000	
664	-12146887.000000000	
665	-12249771.000000000	
666	-12332746.000000000	
667	-12434731.000000000	
668	-12530309.000000000	
669	-12602905.000000000	
670	-12686952.000000000	
671	-12742354.000000000	
672	-12781916.000000000	
673	-12820789.000000000	
674	-12832813.000000000	
675	-12860418.000000000	
676	-12897136.000000000	
677	-12918531.000000000	
678	-12957400.000000000	
679	-12994915.000000000	
680	-13048283.000000000	
681	-13053914.000000000	
682	-13033662.000000000	
683	-13044591.000000000	
684	-13022455.000000000	
685	-12950514.000000000	
686	-12872784.000000000	
687	-12778144.000000000	
688	-12663425.000000000	
689	-12538482.000000000	
690	-12379852.000000000	
691	-12246834.000000000	
692	-12094696.000000000	
693	-11943086.000000000	
694	-11810770.000000000	
695	-11732829.000000000	
696	-11651738.000000000	
697	-11580400.000000000	
698	-11524819.000000000	
699	-11531063.000000000	
700	-11547359.000000000	
701	-11561272.000000000	
702	-11596076.000000000	
703	-11665621.000000000	
704	-11734858.000000000	
705	-11807986.000000000	
706	-11877964.000000000	
707	-11957145.000000000	
708	-12031720.000000000	
709	-12133959.000000000	
710	-12219346.000000000	
711	-12313429.000000000	
712	-12413750.000000000	
713	-12511338.000000000	
714	-12598146.000000000	
715	-12683779.000000000	
716	-12771497.000000000	
717	-12819482.000000000	
718	-12860550.000000000	
719	-12891643.000000000	
720	-12930020.000000000	
721	-12948666.000000000	
722	-12961134.000000000	
723	-12980448.000000000	
724	-12960370.000000000	
725	-12948223.000000000	
726	-12934676.000000000	
727	-12937336.000000000	
728	-12936257.000000000	
729	-12911021.000000000	
730	-12905661.000000000	
731	-12933910.000000000	
732	-12925367.000000000	
733	-12930756.000000000	
734	-12954021.000000000	
735	-12980056.000000000	
736	-13010059.000000000	
737	-13031459.000000000	
738	-13048452.000000000	
739	-13073496.000000000	
740	-13101130.000000000	
741	-13098510.000000000	
742	-13106292.000000000	
743	-13138978.000000000	
744	-13165963.000000000	
745	-13181836.000000000	
746	-13199566.000000000	
747	-13203938.000000000	
748	-13197241.000000000	
749	-13196778.000000000	
750	-13206100.000000000	
751	-13192824.000000000	
752	-13178325.000000000	
753	-13131926.000000000	
754	-13077685.000000000	
755	-13017948.000000000	
756	-12964601.000000000	
757	-12827885.000000000	
758	-12682996.000000000	
759	-12555810.000000000	
760	-12413437.000000000	
761	-12263893.000000000	
762	-12074390.000000000	
763	-11915400.000000000	
764	-11765441.000000000	
765	-11648527.000000000	
766	-11572602.000000000	
767	-11525121.000000000	
768	-11506034.000000000	
769	-11503719.000000000	
770	-11516221.000000000	
771	-11550229.000000000	
772	-11615805.000000000	
773	-11698339.000000000	
774	-11768324.000000000	
775	-11864567.000000000	
776	-11942229.000000000	
777	-12047097.000000000	
778	-12144879.000000000	
779	-12283990.000000000	
780	-12399645.000000000	
781	-12506409.000000000	
782	-12584165.000000000	
783	-12653158.000000000	
784	-12731425.000000000	
785	-12788670.000000000	
786	-12843203.000000000	
787	-12906861.000000000	
788	-12946658.000000000	
789	-12978591.000000000	
790	-12981743.000000000	
791	-13010979.000000000	
792	-13054504.000000000	
793	-13104765.000000000	
794	-13164444.000000000	
795	-13166736.000000000	
796	-13182342.000000000	
797	-13198020.000000000	
798	-13170571.000000000	
799	-13158708.000000000	
800	-13141695.000000000	
801	-13084575.000000000	
802	-13025156.000000000	
803	-12937177.000000000	
804	-12832519.000000000	
805	-12693655.000000000	
806	-12551655.000000000	
807	-12401371.000000000	
808	-12249117.000000000	
809	-12104578.000000000	
810	-11951192.000000000	
811	-11848572.000000000	
812	-11738052.000000000	
813	-11668811.000000000	
814	-11644056.000000000	
815	-11635882.000000000	
816	-11634626.000000000	
817	-11643782.000000000	
818	-11663937.000000000	
819	-11711354.000000000	
820	-11776408.000000000	
821	-11859433.000000000	
822	-11942315.000000000	
823	-12016966.000000000	
824	-12125828.000000000	
825	-12219776.000000000	
826	-12314033.000000000	
827	-12423199.000000000	
828	-12526867.000000000	
829	-12624344.000000000	
830	-12707018.000000000	
831	-12804048.000000000	
832	-12909896.000000000	
833	-12975031.000000000	
834	-13010590.000000000	
835	-13044010.000000000	
836	-13102915.000000000	
837	-13131702.000000000	
838	-13132012.000000000	
839	-13164416.000000000	
840	-13183347.000000000	
841	-13173097.000000000	
842	-13187846.000000000	
843	-13207945.000000000	
844	-13182737.000000000	
845	-13139376.000000000	
846	-13125193.000000000	
847	-13121187.000000000	
848	-13111511.000000000	
849	-13088663.000000000	
850	-13105807.000000000	
851	-13122839.000000000	
852	-13133731.000000000	
853	-13156655.000000000	
854	-13159461.000000000	
855	-13169354.000000000	
856	-13205690.000000000	
857	-13200673.000000000	
858	-13228357.000000000	
859	-13255239.000000000	
860	-13282617.000000000	
861	-13279294.000000000	
862	-13286391.000000000	
863	-13282659.000000000	
864	-13276658.000000000	
865	-13302851.000000000	
866	-13310875.000000000	
867	-13334548.000000000	
868	-13349951.000000000	
869	-13385895.000000000	
870	-13395848.000000000	
871	-13379710.000000000	
872	-13358480.000000000	
873	-13302450.000000000	
874	-13212923.000000000	
875	-13130173.000000000	
876	-13030708.000000000	
877	-12888626.000000000	
878	-12752802.000000000	
879	-12621048.000000000	
880	-12479496.000000000	
881	-12343186.000000000	
882	-12204167.000000000	
883	-12088400.000000000	
884	-11957200.000000000	
885	-11854647.000000000	
886	-11791848.000000000	
887	-11747086.000000000	
888	-11718094.000000000	
889	-11694536.000000000	
890	-11695012.000000000	
891	-11741348.000000000	
892	-11799407.000000000	
893	-11870629.000000000	
894	-11946756.000000000	
895	-12018406.000000000	
896	-12103952.000000000	
897	-12214022.000000000	
898	-12304623.000000000	
899	-12386137.000000000	
900	-12483337.000000000	
901	-12571539.000000000	
902	-12665645.000000000	
903	-12745135.000000000	
904	-12840168.000000000	
905	-12905544.000000000	
906	-12984773.000000000	
907	-13062024.000000000	
908	-13116251.000000000	
909	-13152545.000000000	
910	-13220767.000000000	
911	-13242276.000000000	
912	-13243923.000000000	
913	-13280345.000000000	
914	-13292569.000000000	
915	-13325021.000000000	
916	-13329305.000000000	
917	-13347455.000000000	
918	-13379445.000000000	
919	-13412376.000000000	
920	-13393599.000000000	
921	-13377583.000000000	
922	-13327318.000000000	
923	-13268388.000000000	
924	-13180612.000000000	
925	-13101146.000000000	
926	-12998149.000000000	
927	-12883732.000000000	
928	-12756680.000000000	
929	-12636382.000000000	
930	-12508478.000000000	
931	-12381729.000000000	
932	-12240898.000000000	
933	-12111447.000000000	
934	-12016700.000000000	
935	-11935043.000000000	
936	-11859569.000000000	
937	-11810197.000000000	
938	-11792202.000000000	
939	-11800383.000000000	
940	-11830448.000000000	
941	-11880258.000000000	
942	-11936088.000000000	
943	-12007953.000000000	
944	-12079487.000000000	
945	-12163101.000000000	
946	-12247625.000000000	
947	-12322961.000000000	
948	-12421769.000000000	
949	-12521566.000000000	
950	-12603363.000000000	
951	-12677627.000000000	
952	-12773501.000000000	
953	-12888131.000000000	
954	-12992050.000000000	
955	-13061613.000000000	
956	-13138754.000000000	
957	-13204092.000000000	
958	-13238260.000000000	
959	-13262239.000000000	
960	-13290003.000000000	
961	-13334352.000000000	
962	-13364906.000000000	
963	-13377428.000000000	
964	-13392568.000000000	
965	-13390144.000000000	
966	-13384105.000000000	
967	-13388438.000000000	
968	-13382779.000000000	
969	-13366141.000000000	
970	-13368622.000000000	
971	-13359738.000000000	
972	-13348927.000000000	
973	-13347527.000000000	
974	-13341093.000000000	
975	-13351548.000000000	
976	-13369816.000000000	
977	-13362018.000000000	
978	-13371930.000000000	
979	-13399194.000000000	
980	-13409036.000000000	
981	-13425373.000000000	
982	-13435032.000000000	
983	-13459539.000000000	
984	-13468007.000000000	
985	-13473198.000000000	
986	-13470396.000000000	
987	-13490394.000000000	
988	-13504521.000000000	
989	-13532515.000000000	
990	-13533159.000000000	
991	-13540960.000000000	
992	-13536951.000000000	
993	-13536807.000000000	
994	-13534026.000000000	
995	-13533802.000000000	
996	-13532636.000000000	
997	-13544023.000000000	
998	-13536232.000000000	
999	-13492603.000000000	
1000	-13443624.000000000	
1001	-13382830.000000000	
1002	-13282528.000000000	
1003	-13168345.000000000	
1004	-13034516.000000000	
1005	-12911463.000000000	
1006	-12772135.000000000	
1007	-12643265.000000000	
1008	-12509533.000000000	
1009	-12373343.000000000	
1010	-12277481.000000000	
1011	-12197427.000000000	
1012	-12106166.000000000	
1013	-12055485.000000000	
1014	-12019092.000000000	
1015	-11992422.000000000	
1016	-11980360.000000000	
1017	-11983251.000000000	
1018	-12007853.000000000	
1019	-12049378.000000000	
1020	-12130942.000000000	
1021	-12212702.000000000	
1022	-12293568.000000000	
1023	-12391296.000000000	
1024	-12493851.000000000	
1025	-12572358.000000000	
1026	-12660818.000000000	
1027	-12757155.000000000	
1028	-12838223.000000000	
1029	-12920978.000000000	
1030	-12998995.000000000	
1031	-13054084.000000000	
1032	-13109660.000000000	
1033	-13198082.000000000	
1034	-13288517.000000000	
1035	-13340392.000000000	
1036	-13370629.000000000	
1037	-13419257.000000000	
1038	-13440314.000000000	
1039	-13459337.000000000	
1040	-13502945.000000000	
1041	-13523092.000000000	
1042	-13516809.000000000	
1043	-13548012.000000000	
1044	-13561171.000000000	
1045	-13588919.000000000	
1046	-13615704.000000000	
1047	-13647064.000000000	
1048	-13659008.000000000	
1049	-13641016.000000000	
1050	-13616166.000000000	
1051	-13603789.000000000	
1052	-13538208.000000000	
1053	-13451703.000000000	
1054	-13367798.000000000	
1055	-13297474.000000000	
1056	-13212022.000000000	
1057	-13098808.000000000	
1058	-12977648.000000000	
1059	-12880974.000000000	
1060	-12754701.000000000	
1061	-12643829.000000000	
1062	-12528665.000000000	
1063	-12403853.000000000	
1064	-12323627.000000000	
1065	-12257453.000000000	
1066	-12189934.000000000	
1067	-12160813.000000000	
1068	-12135969.000000000	
1069	-12140543.000000000	
1070	-12179396.000000000	
1071	-12221314.000000000	
1072	-12275009.000000000	
1073	-12336168.000000000	
1074	-12403626.000000000	
1075	-12479365.000000000	
1076	-12550631.000000000	
1077	-12609734.000000000	
1078	-12699242.000000000	
1079	-12801690.000000000	
1080	-12873054.000000000	
1081	-12947330.000000000	
1082	-13051623.000000000	
1083	-13133004.000000000	
1084	-13188938.000000000	
1085	-13255822.000000000	
1086	-13323014.000000000	
1087	-13387684.000000000	
1088	-13447685.000000000	
1089	-13493530.000000000	
1090	-13569382.000000000	
1091	-13636614.000000000	
1092	-13673295.000000000	
1093	-13675903.000000000	
1094	-13670224.000000000	
1095	-13672488.000000000	
1096	-13681537.000000000	
1097	-13675384.000000000	
1098	-13677363.000000000	
1099	-13664728.000000000	
1100	-13663408.000000000	
1101	-13662266.000000000	
1102	-13673644.000000000	
1103	-13648844.000000000	
1104	-13608113.000000000	
1105	-13622498.000000000	
1106	-13627720.000000000	
1107	-13621005.000000000	
1108	-13631664.000000000	
1109	-13645926.000000000	
1110	-13652518.000000000	
1111	-13653357.000000000	
1112	-13695845.000000000	
1113	-13718667.000000000	
1114	-13740377.000000000	
1115	-13737036.000000000	
1116	-13750201.000000000	
1117	-13779069.000000000	
1118	-13791709.000000000	
1119	-13792797.000000000	
1120	-13796844.000000000	
1121	-13809995.000000000	
1122	-13812291.000000000	
1123	-13820945.000000000	
1124	-13823737.000000000	
1125	-13800623.000000000	
1126	-13824015.000000000	
1127	-13855194.000000000	
1128	-13847818.000000000	
1129	-13851718.000000000	
1130	-13846877.000000000	
1131	-13832192.000000000	
1132	-13812695.000000000	
1133	-13773909.000000000	
1134	-13712409.000000000	
1135	-13666684.000000000	
1136	-13576962.000000000	
1137	-13492146.000000000	
1138	-13396536.000000000	
1139	-13298813.000000000	
1140	-13189995.000000000	
1141	-13078061.000000000	
1142	-12957522.000000000	
1143	-12865800.000000000	
1144	-12757295.000000000	
1145	-12664652.000000000	
1146	-12560118.000000000	
1147	-12485307.000000000	
1148	-12437435.000000000	
1149	-12411887.000000000	
1150	-12391146.000000000	
1151	-12401546.000000000	
1152	-12433355.000000000	
1153	-12464381.000000000	
1154	-12513207.000000000	
1155	-12579456.000000000	
1156	-12622852.000000000	
1157	-12707294.000000000	
1158	-12794181.000000000	
1159	-12878540.000000000	
1160	-12949739.000000000	
1161	-13014739.000000000	
1162	-13110228.000000000	
1163	-13194065.000000000	
1164	-13280557.000000000	
1165	-13353013.000000000	
1166	-13416898.000000000	
1167	-13473942.000000000	
1168	-13529072.000000000	
1169	-13600943.000000000	
1170	-13635250.000000000	
1171	-13665987.000000000	
1172	-13708251.000000000	
1173	-13716913.000000000	
1174	-13744822.000000000	
1175	-13802080.000000000	
1176	-13810724.000000000	
1177	-13817949.000000000	
1178	-13866397.000000000	
1179	-13902755.000000000	
1180	-13909852.000000000	
1181	-13916663.000000000	
1182	-13929754.000000000	
1183	-13935027.000000000	
1184	-13944866.000000000	
1185	-13929519.000000000	
1186	-13931290.000000000	
1187	-13932129.000000000	
1188	-13918696.000000000	
1189	-13894742.000000000	
1190	-13846634.000000000	
1191	-13803099.000000000	
1192	-13729600.000000000	
1193	-13655492.000000000	
1194	-13563517.000000000	
1195	-13453667.000000000	
1196	-13348454.000000000	
1197	-13236609.000000000	
1198	-13115038.000000000	
1199	-13023782.000000000	
1200	-12932363.000000000	
1201	-12852449.000000000	
1202	-12796766.000000000	
1203	-12744475.000000000	
1204	-12715948.000000000	
1205	-12689691.000000000	
1206	-12663724.000000000	
1207	-12646687.000000000	
1208	-12633916.000000000	
1209	-12653496.000000000	
1210	-12699477.000000000	
1211	-12768358.000000000	
1212	-12827214.000000000	
1213	-12903502.000000000	
1214	-12998251.000000000	
1215	-13086996.000000000	
1216	-13159981.000000000	
1217	-13225896.000000000	
1218	-13281857.000000000	
1219	-13360327.000000000	
1220	-13430958.000000000	
1221	-13485165.000000000	
1222	-13553688.000000000	
1223	-13612383.000000000	
1224	-13648223.000000000	
1225	-13692816.000000000	
1226	-13762441.000000000	
1227	-13829341.000000000	
1228	-13866905.000000000	
1229	-13898410.000000000	
1230	-13947101.000000000	
1231	-13989271.000000000	
1232	-14017730.000000000	
1233	-14021984.000000000	
1234	-14055675.000000000	
1235	-14070686.000000000	
1236	-14065827.000000000	
1237	-14070425.000000000	
1238	-14054148.000000000	
1239	-14044113.000000000	
1240	-14040544.000000000	
1241	-14041928.000000000	
1242	-14032496.000000000	
1243	-14030577.000000000	
1244	-14018920.000000000	
1245	-14010135.000000000	
1246	-14016979.000000000	
1247	-14003343.000000000	
1248	-13993938.000000000	
1249	-13993790.000000000	
1250	-13994025.000000000	
1251	-14009668.000000000	
1252	-14010017.000000000	
1253	-14027681.000000000	
1254	-14074105.000000000	
1255	-14104725.000000000	
1256	-14092406.000000000	
1257	-14110779.000000000	
1258	-14123725.000000000	
1259	-14141147.000000000	
1260	-14162749.000000000	
1261	-14157215.000000000	
1262	-14174572.000000000	
1263	-14202998.000000000	
1264	-14194754.000000000	
1265	-14202178.000000000	
1266	-14201089.000000000	
1267	-14197242.000000000	
1268	-14198875.000000000	
1269	-14210391.000000000	
1270	-14200857.000000000	
1271	-14186446.000000000	
1272	-14158182.000000000	
1273	-14166144.000000000	
1274	-14147643.000000000	
1275	-14131505.000000000	
1276	-14084365.000000000	
1277	-14070656.000000000	
1278	-14021247.000000000	
1279	-13974202.000000000	
1280	-13829631.000000000	
1281	-13685874.000000000	
1282	-13508757.000000000	
1283	-13331408.000000000	
1284	-13217372.000000000	
1285	-13198024.000000000	
1286	-13252444.000000000	
1287	NaN	
