X	Y
0	-12824759.000000000
1	-12644505.000000000
2	-12456466.000000000
3	-12349611.000000000
4	-12211626.000000000
5	-12134046.000000000
6	-12083684.000000000
7	-12027854.000000000
8	-11929709.000000000
9	-11865200.000000000
10	-11801349.000000000
11	-11778743.000000000
12	-11779298.000000000
13	-11786716.000000000
14	-11768167.000000000
15	-11747322.000000000
16	-11745497.000000000
17	-11740578.000000000
18	-11709166.000000000
19	-11714922.000000000
20	-11716071.000000000
21	-11687014.000000000
22	-11668511.000000000
23	-11652992.000000000
24	-11620795.000000000
25	-11576672.000000000
26	-11534146.000000000
27	-11492587.000000000
28	-11459540.000000000
29	-11433153.000000000
30	-11410404.000000000
31	-11387137.000000000
32	-11365821.000000000
33	-11343330.000000000
34	-11322459.000000000
35	-11301202.000000000
36	-11289653.000000000
37	-11276393.000000000
38	-11266316.000000000
39	-11269184.000000000
40	-11268994.000000000
41	-11268326.000000000
42	-11263757.000000000
43	-11261414.000000000
44	-11259105.000000000
45	-11254896.000000000
46	-11247105.000000000
47	-11244588.000000000
48	-11231907.000000000
49	-11220190.000000000
50	-11211637.000000000
51	-11189152.000000000
52	-11174052.000000000
53	-11173239.000000000
54	-11166061.000000000
55	-11148619.000000000
56	-11134469.000000000
57	-11089851.000000000
58	-11023113.000000000
59	-10937965.000000000
60	-10830857.000000000
61	-10710185.000000000
62	-10578978.000000000
63	-10426757.000000000
64	-10258525.000000000
65	-10094612.000000000
66	-9935515.000000000
67	-9802397.000000000
68	-9690939.000000000
69	-9594834.000000000
70	-9508332.000000000
71	-9464971.000000000
72	-9444062.000000000
73	-9449911.000000000
74	-9476509.000000000
75	-9534545.000000000
76	-9606430.000000000
77	-9691832.000000000
78	-9776595.000000000
79	-9869943.000000000
80	-9970329.000000000
81	-10071060.000000000
82	-10164859.000000000
83	-10253128.000000000
84	-10345515.000000000
85	-10422073.000000000
86	-10501808.000000000
87	-10573345.000000000
88	-10650829.000000000
89	-10726054.000000000
90	-10780671.000000000
91	-10827897.000000000
92	-10886929.000000000
93	-10946552.000000000
94	-11002365.000000000
95	-11049398.000000000
96	-11098650.000000000
97	-11142975.000000000
98	-11188193.000000000
99	-11233408.000000000
100	-11268117.000000000
101	-11307814.000000000
102	-11339432.000000000
103	-11364342.000000000
104	-11380913.000000000
105	-11392895.000000000
106	-11402352.000000000
107	-11408993.000000000
108	-11410973.000000000
109	-11412886.000000000
110	-11406111.000000000
111	-11403694.000000000
112	-11400998.000000000
113	-11399975.000000000
114	-11402010.000000000
115	-11410957.000000000
116	-11425880.000000000
117	-11445872.000000000
118	-11475030.000000000
119	-11489178.000000000
120	-11503822.000000000
121	-11518202.000000000
122	-11535621.000000000
123	-11546908.000000000
124	-11555620.000000000
125	-11552679.000000000
126	-11557215.000000000
127	-11560144.000000000
128	-11569514.000000000
129	-11573745.000000000
130	-11581806.000000000
131	-11589094.000000000
132	-11595135.000000000
133	-11605711.000000000
134	-11602488.000000000
135	-11598559.000000000
136	-11587282.000000000
137	-11553049.000000000
138	-11505582.000000000
139	-11434298.000000000
140	-11329584.000000000
141	-11211502.000000000
142	-11077722.000000000
143	-10924003.000000000
144	-10758300.000000000
145	-10602160.000000000
146	-10444100.000000000
147	-10302415.000000000
148	-10177105.000000000
149	-10081826.000000000
150	-10024256.000000000
151	-9992899.000000000
152	-9993597.000000000
153	-10017371.000000000
154	-10068010.000000000
155	-10149891.000000000
156	-10237258.000000000
157	-10330869.000000000
158	-10448011.000000000
159	-10565418.000000000
160	-10678982.000000000
161	-10792295.000000000
162	-10886426.000000000
163	-10992151.000000000
164	-11093904.000000000
165	-11186287.000000000
166	-11264175.000000000
167	-11344881.000000000
168	-11405775.000000000
169	-11473554.000000000
170	-11546332.000000000
171	-11615994.000000000
172	-11673414.000000000
173	-11751772.000000000
174	-11815127.000000000
175	-11892357.000000000
176	-11956407.000000000
177	-12023484.000000000
178	-12082419.000000000
179	-12146351.000000000
180	-12205680.000000000
181	-12264031.000000000
182	-12297583.000000000
183	-12331072.000000000
184	-12361976.000000000
185	-12396524.000000000
186	-12414877.000000000
187	-12431710.000000000
188	-12441568.000000000
189	-12453796.000000000
190	-12459933.000000000
191	-12470565.000000000
192	-12492111.000000000
193	-12503067.000000000
194	-12511078.000000000
195	-12509773.000000000
196	-12522493.000000000
197	-12546071.000000000
198	-12573600.000000000
199	-12597096.000000000
200	-12621615.000000000
201	-12645279.000000000
202	-12672882.000000000
203	-12687784.000000000
204	-12693036.000000000
205	-12694893.000000000
206	-12708203.000000000
207	-12716897.000000000
208	-12719769.000000000
209	-12717646.000000000
210	-12721771.000000000
211	-12727887.000000000
212	-12746845.000000000
213	-12773819.000000000
214	-12794608.000000000
215	-12809931.000000000
216	-12822026.000000000
217	-12840200.000000000
218	-12829580.000000000
219	-12800344.000000000
220	-12750780.000000000
221	-12663114.000000000
222	-12543248.000000000
223	-12399749.000000000
224	-12247843.000000000
225	-12085254.000000000
226	-11902625.000000000
227	-11734720.000000000
228	-11561754.000000000
229	-11410264.000000000
230	-11289432.000000000
231	-11196244.000000000
232	-11132935.000000000
233	-11100739.000000000
234	-11088362.000000000
235	-11113828.000000000
236	-11171799.000000000
237	-11269683.000000000
238	-11365604.000000000
239	-11482505.000000000
240	-11611901.000000000
241	-11748364.000000000
242	-11887745.000000000
243	-12022303.000000000
244	-12154622.000000000
245	-12276928.000000000
246	-12386949.000000000
247	-12475510.000000000
248	-12563502.000000000
249	-12646249.000000000
250	-12723003.000000000
251	-12786572.000000000
252	-12820165.000000000
253	-12869603.000000000
254	-12944477.000000000
255	-12994895.000000000
256	-13047279.000000000
257	-13096930.000000000
258	-13140690.000000000
259	-13192928.000000000
260	-13246535.000000000
261	-13303369.000000000
262	-13353576.000000000
263	-13386248.000000000
264	-13417591.000000000
265	-13453580.000000000
266	-13486867.000000000
267	-13521194.000000000
268	-13540289.000000000
269	-13553460.000000000
270	-13569271.000000000
271	-13582044.000000000
272	-13592674.000000000
273	-13592590.000000000
274	-13600786.000000000
275	-13608652.000000000
276	-13606180.000000000
277	-13607768.000000000
278	-13631753.000000000
279	-13657292.000000000
280	-13684362.000000000
281	-13713748.000000000
282	-13732806.000000000
283	-13760948.000000000
284	-13777704.000000000
285	-13794601.000000000
286	-13809206.000000000
287	-13819191.000000000
288	-13827415.000000000
289	-13828040.000000000
290	-13823749.000000000
291	-13815149.000000000
292	-13803490.000000000
293	-13795781.000000000
294	-13806740.000000000
295	-13809618.000000000
296	-13810128.000000000
297	-13818636.000000000
298	-13842028.000000000
299	-13863368.000000000
300	-13874961.000000000
301	-13869191.000000000
302	-13841410.000000000
303	-13781874.000000000
304	-13688405.000000000
305	-13573797.000000000
306	-13435764.000000000
307	-13282972.000000000
308	-13100307.000000000
309	-12905985.000000000
310	-12704069.000000000
311	-12528380.000000000
312	-12365377.000000000
313	-12201739.000000000
314	-12064213.000000000
315	-11955531.000000000
316	-11891825.000000000
317	-11856511.000000000
318	-11866021.000000000
319	-11909427.000000000
320	-11985409.000000000
321	-12086728.000000000
322	-12213037.000000000
323	-12332071.000000000
324	-12464106.000000000
325	-12603478.000000000
326	-12746809.000000000
327	-12871811.000000000
328	-12991935.000000000
329	-13105381.000000000
330	-13207792.000000000
331	-13302361.000000000
332	-13379423.000000000
333	-13450627.000000000
334	-13515381.000000000
335	-13567052.000000000
336	-13607248.000000000
337	-13649599.000000000
338	-13699186.000000000
339	-13750336.000000000
340	-13783929.000000000
341	-13815344.000000000
342	-13857119.000000000
343	-13908339.000000000
344	-13945435.000000000
345	-13991068.000000000
346	-14028690.000000000
347	-14059343.000000000
348	-14097244.000000000
349	-14119890.000000000
350	-14141158.000000000
351	-14151504.000000000
352	-14166814.000000000
353	-14174968.000000000
354	-14178758.000000000
355	-14181498.000000000
356	-14186125.000000000
357	-14182466.000000000
358	-14180718.000000000
359	-14174549.000000000
360	-14171986.000000000
361	-14172242.000000000
362	-14177225.000000000
363	-14186720.000000000
364	-14195574.000000000
365	-14199077.000000000
366	-14197918.000000000
367	-14201130.000000000
368	-14204198.000000000
369	-14209583.000000000
370	-14215553.000000000
371	-14228841.000000000
372	-14230948.000000000
373	-14233120.000000000
374	-14232855.000000000
375	-14229890.000000000
376	-14223772.000000000
377	-14216558.000000000
378	-14203379.000000000
379	-14200877.000000000
380	-14203611.000000000
381	-14204954.000000000
382	-14208810.000000000
383	-14218409.000000000
384	-14229169.000000000
385	-14236407.000000000
386	-14223364.000000000
387	-14199683.000000000
388	-14149749.000000000
389	-14067950.000000000
390	-13948331.000000000
391	-13819768.000000000
392	-13663501.000000000
393	-13494642.000000000
394	-13295429.000000000
395	-13109494.000000000
396	-12910352.000000000
397	-12724502.000000000
398	-12559588.000000000
399	-12417792.000000000
400	-12295002.000000000
401	-12205391.000000000
402	-12151507.000000000
403	-12131074.000000000
404	-12138086.000000000
405	-12182647.000000000
406	-12258055.000000000
407	-12354399.000000000
408	-12463821.000000000
409	-12586404.000000000
410	-12721103.000000000
411	-12854738.000000000
412	-12981768.000000000
413	-13119608.000000000
414	-13238183.000000000
415	-13350333.000000000
416	-13447586.000000000
417	-13524647.000000000
418	-13602119.000000000
419	-13671933.000000000
420	-13741458.000000000
421	-13795304.000000000
422	-13837221.000000000
423	-13871515.000000000
424	-13908103.000000000
425	-13931411.000000000
426	-13950076.000000000
427	-13982470.000000000
428	-14021192.000000000
429	-14056278.000000000
430	-14092956.000000000
431	-14113517.000000000
432	-14146297.000000000
433	-14179661.000000000
434	-14203535.000000000
435	-14221810.000000000
436	-14241395.000000000
437	-14257253.000000000
438	-14270502.000000000
439	-14284459.000000000
440	-14299333.000000000
441	-14303245.000000000
442	-14303510.000000000
443	-14306137.000000000
444	-14306846.000000000
445	-14302117.000000000
446	-14305910.000000000
447	-14305672.000000000
448	-14302463.000000000
449	-14305036.000000000
450	-14310279.000000000
451	-14309289.000000000
452	-14305566.000000000
453	-14313183.000000000
454	-14317201.000000000
455	-14320259.000000000
456	-14333272.000000000
457	-14339679.000000000
458	-14343123.000000000
459	-14346915.000000000
460	-14338768.000000000
461	-14338523.000000000
462	-14346037.000000000
463	-14344115.000000000
464	-14337183.000000000
465	-14330521.000000000
466	-14329135.000000000
467	-14322790.000000000
468	-14314135.000000000
469	-14319642.000000000
470	-14333491.000000000
471	-14337207.000000000
472	-14318741.000000000
473	-14297174.000000000
474	-14268121.000000000
475	-14224354.000000000
476	-14149636.000000000
477	-14047655.000000000
478	-13931956.000000000
479	-13791941.000000000
480	-13637164.000000000
481	-13465101.000000000
482	-13282682.000000000
483	-13104062.000000000
484	-12910411.000000000
485	-12733409.000000000
486	-12588767.000000000
487	-12439668.000000000
488	-12329107.000000000
489	-12254561.000000000
490	-12204122.000000000
491	-12173829.000000000
492	-12191035.000000000
493	-12244092.000000000
494	-12312148.000000000
495	-12411431.000000000
496	-12517942.000000000
497	-12637503.000000000
498	-12755626.000000000
499	-12875204.000000000
500	-13000014.000000000
501	-13119276.000000000
502	-13238737.000000000
503	-13340888.000000000
504	-13452197.000000000
505	-13551124.000000000
506	-13646894.000000000
507	-13724058.000000000
508	-13783001.000000000
509	-13838816.000000000
510	-13886562.000000000
511	-13930335.000000000
512	-13966979.000000000
513	-13998825.000000000
514	-14028154.000000000
515	-14058666.000000000
516	-14082130.000000000
517	-14105735.000000000
518	-14134940.000000000
519	-14164816.000000000
520	-14201989.000000000
521	-14231018.000000000
522	-14257554.000000000
523	-14284987.000000000
524	-14309114.000000000
525	-14322483.000000000
526	-14350219.000000000
527	-14369040.000000000
528	-14382078.000000000
529	-14395643.000000000
530	-14401543.000000000
531	-14414950.000000000
532	-14419742.000000000
533	-14417042.000000000
534	-14415499.000000000
535	-14412799.000000000
536	-14422000.000000000
537	-14420804.000000000
538	-14413290.000000000
539	-14411729.000000000
540	-14418765.000000000
541	-14422095.000000000
542	-14427554.000000000
543	-14428560.000000000
544	-14435610.000000000
545	-14445376.000000000
546	-14447493.000000000
547	-14450175.000000000
548	-14450884.000000000
549	-14451639.000000000
550	-14449068.000000000
551	-14460133.000000000
552	-14464093.000000000
553	-14462519.000000000
554	-14448377.000000000
555	-14444030.000000000
556	-14450941.000000000
557	-14449469.000000000
558	-14432465.000000000
559	-14420550.000000000
560	-14411476.000000000
561	-14380658.000000000
562	-14352180.000000000
563	-14313535.000000000
564	-14263315.000000000
565	-14190905.000000000
566	-14098879.000000000
567	-13994282.000000000
568	-13881167.000000000
569	-13754999.000000000
570	-13611285.000000000
571	-13469498.000000000
572	-13323052.000000000
573	-13186985.000000000
574	-13044337.000000000
575	-12901177.000000000
576	-12768525.000000000
577	-12659013.000000000
578	-12568408.000000000
579	-12485424.000000000
580	-12427569.000000000
581	-12415739.000000000
582	-12425642.000000000
583	-12460174.000000000
584	-12516620.000000000
585	-12599276.000000000
586	-12692787.000000000
587	-12783147.000000000
588	-12878155.000000000
589	-13003748.000000000
590	-13108858.000000000
591	-13215636.000000000
592	-13323438.000000000
593	-13424402.000000000
594	-13524834.000000000
595	-13626149.000000000
596	-13712007.000000000
597	-13788447.000000000
598	-13867420.000000000
599	-13932727.000000000
600	-13999306.000000000
601	-14048651.000000000
602	-14091739.000000000
603	-14126498.000000000
604	-14167544.000000000
605	-14197655.000000000
606	-14213502.000000000
607	-14231155.000000000
608	-14262107.000000000
609	-14286088.000000000
610	-14311142.000000000
611	-14335213.000000000
612	-14358309.000000000
613	-14368783.000000000
614	-14392515.000000000
615	-14427584.000000000
616	-14440918.000000000
617	-14459618.000000000
618	-14478831.000000000
619	-14489822.000000000
620	-14491592.000000000
621	-14501982.000000000
622	-14506022.000000000
623	-14522494.000000000
624	-14522094.000000000
625	-14535922.000000000
626	-14537901.000000000
627	-14531313.000000000
628	-14531005.000000000
629	-14531137.000000000
630	-14524923.000000000
631	-14514451.000000000
632	-14523110.000000000
633	-14532599.000000000
634	-14537484.000000000
635	-14538243.000000000
636	-14539194.000000000
637	-14550621.000000000
638	-14558837.000000000
639	-14559576.000000000
640	-14561479.000000000
641	-14568722.000000000
642	-14576918.000000000
643	-14580964.000000000
644	-14583597.000000000
645	-14592946.000000000
646	-14586397.000000000
647	-14581012.000000000
648	-14577831.000000000
649	-14583466.000000000
650	-14575001.000000000
651	-14550348.000000000
652	-14519995.000000000
653	-14490058.000000000
654	-14429176.000000000
655	-14354506.000000000
656	-14277180.000000000
657	-14185790.000000000
658	-14080983.000000000
659	-13968212.000000000
660	-13863263.000000000
661	-13754799.000000000
662	-13641052.000000000
663	-13529122.000000000
664	-13413526.000000000
665	-13297979.000000000
666	-13182801.000000000
667	-13073064.000000000
668	-12957966.000000000
669	-12843566.000000000
670	-12742577.000000000
671	-12663593.000000000
672	-12602795.000000000
673	-12557001.000000000
674	-12546040.000000000
675	-12557986.000000000
676	-12588743.000000000
677	-12625967.000000000
678	-12681584.000000000
679	-12759446.000000000
680	-12836952.000000000
681	-12924209.000000000
682	-13011878.000000000
683	-13116293.000000000
684	-13213313.000000000
685	-13302948.000000000
686	-13404204.000000000
687	-13506442.000000000
688	-13601601.000000000
689	-13694466.000000000
690	-13772285.000000000
691	-13862140.000000000
692	-13936466.000000000
693	-14005386.000000000
694	-14061815.000000000
695	-14116601.000000000
696	-14164786.000000000
697	-14206260.000000000
698	-14236515.000000000
699	-14257611.000000000
700	-14285826.000000000
701	-14304028.000000000
702	-14329185.000000000
703	-14360690.000000000
704	-14386897.000000000
705	-14409986.000000000
706	-14431096.000000000
707	-14446613.000000000
708	-14454482.000000000
709	-14472811.000000000
710	-14500784.000000000
711	-14505606.000000000
712	-14520095.000000000
713	-14528178.000000000
714	-14534690.000000000
715	-14548955.000000000
716	-14560138.000000000
717	-14565822.000000000
718	-14568984.000000000
719	-14574257.000000000
720	-14565868.000000000
721	-14564436.000000000
722	-14570027.000000000
723	-14582022.000000000
724	-14591068.000000000
725	-14590738.000000000
726	-14587657.000000000
727	-14596167.000000000
728	-14608007.000000000
729	-14624551.000000000
730	-14628631.000000000
731	-14634250.000000000
732	-14646616.000000000
733	-14658303.000000000
734	-14666001.000000000
735	-14667527.000000000
736	-14675866.000000000
737	-14685276.000000000
738	-14689153.000000000
739	-14692917.000000000
740	-14701845.000000000
741	-14697108.000000000
742	-14683219.000000000
743	-14670209.000000000
744	-14667393.000000000
745	-14650157.000000000
746	-14627994.000000000
747	-14590356.000000000
748	-14540086.000000000
749	-14476460.000000000
750	-14393743.000000000
751	-14307863.000000000
752	-14212444.000000000
753	-14102488.000000000
754	-13980457.000000000
755	-13847442.000000000
756	-13739189.000000000
757	-13635712.000000000
758	-13540016.000000000
759	-13431440.000000000
760	-13325851.000000000
761	-13225116.000000000
762	-13118954.000000000
763	-13042113.000000000
764	-12961113.000000000
765	-12889247.000000000
766	-12810783.000000000
767	-12764805.000000000
768	-12737093.000000000
769	-12729152.000000000
770	-12732359.000000000
771	-12757198.000000000
772	-12792224.000000000
773	-12827603.000000000
774	-12877761.000000000
775	-12940314.000000000
776	-13020359.000000000
777	-13086891.000000000
778	-13161629.000000000
779	-13240751.000000000
780	-13323284.000000000
781	-13408404.000000000
782	-13508184.000000000
783	-13602175.000000000
784	-13695606.000000000
785	-13785246.000000000
786	-13859397.000000000
787	-13952027.000000000
788	-14026920.000000000
789	-14106332.000000000
790	-14177946.000000000
791	-14234386.000000000
792	-14283063.000000000
793	-14319621.000000000
794	-14352638.000000000
795	-14384171.000000000
796	-14415933.000000000
797	-14445339.000000000
798	-14475290.000000000
799	-14496931.000000000
800	-14522807.000000000
801	-14531748.000000000
802	-14537921.000000000
803	-14557454.000000000
804	-14586927.000000000
805	-14597609.000000000
806	-14600296.000000000
807	-14598603.000000000
808	-14608023.000000000
809	-14616594.000000000
810	-14625521.000000000
811	-14631420.000000000
812	-14651090.000000000
813	-14660197.000000000
814	-14666664.000000000
815	-14675360.000000000
816	-14682056.000000000
817	-14696516.000000000
818	-14706492.000000000
819	-14713263.000000000
820	-14721101.000000000
821	-14729080.000000000
822	-14734082.000000000
823	-14743189.000000000
824	-14753403.000000000
825	-14751999.000000000
826	-14754948.000000000
827	-14765063.000000000
828	-14768257.000000000
829	-14779045.000000000
830	-14782949.000000000
831	-14782603.000000000
832	-14782784.000000000
833	-14792269.000000000
834	-14800631.000000000
835	-14800497.000000000
836	-14796189.000000000
837	-14795988.000000000
838	-14796191.000000000
839	-14790180.000000000
840	-14774418.000000000
841	-14768920.000000000
842	-14761778.000000000
843	-14755113.000000000
844	-14734093.000000000
845	-14707047.000000000
846	-14667048.000000000
847	-14615892.000000000
848	-14553518.000000000
849	-14471717.000000000
850	-14375258.000000000
851	-14276223.000000000
852	-14169093.000000000
853	-14046716.000000000
854	-13932799.000000000
855	-13812031.000000000
856	-13699457.000000000
857	-13603390.000000000
858	-13509499.000000000
859	-13406506.000000000
860	-13292946.000000000
861	-13200155.000000000
862	-13120421.000000000
863	-13049489.000000000
864	-12982818.000000000
865	-12937406.000000000
866	-12896243.000000000
867	-12883165.000000000
868	-12885851.000000000
869	-12911286.000000000
870	-12932140.000000000
871	-12951210.000000000
872	-12968433.000000000
873	-13016813.000000000
874	-13067841.000000000
875	-13137416.000000000
876	-13205799.000000000
877	-13298076.000000000
878	-13378784.000000000
879	-13448058.000000000
880	-13532510.000000000
881	-13628733.000000000
882	-13704649.000000000
883	-13793235.000000000
884	-13879076.000000000
885	-13974738.000000000
886	-14052030.000000000
887	-14116883.000000000
888	-14181553.000000000
889	-14249228.000000000
890	-14309463.000000000
891	-14353868.000000000
892	-14396691.000000000
893	-14439531.000000000
894	-14486329.000000000
895	-14523745.000000000
896	-14557768.000000000
897	-14590303.000000000
898	-14619940.000000000
899	-14635613.000000000
900	-14646877.000000000
901	-14658518.000000000
902	-14675871.000000000
903	-14692349.000000000
904	-14706583.000000000
905	-14716394.000000000
906	-14723659.000000000
907	-14718603.000000000
908	-14727205.000000000
909	-14731626.000000000
910	-14737784.000000000
911	-14740955.000000000
912	-14739155.000000000
913	-14749650.000000000
914	-14755800.000000000
915	-14759432.000000000
916	-14757163.000000000
917	-14761181.000000000
918	-14770682.000000000
919	-14774577.000000000
920	-14780714.000000000
921	-14778084.000000000
922	-14781733.000000000
923	-14782644.000000000
924	-14789446.000000000
925	-14787639.000000000
926	-14791376.000000000
927	-14801657.000000000
928	-14809547.000000000
929	-14808059.000000000
930	-14808668.000000000
931	-14821030.000000000
932	-14818462.000000000
933	-14817875.000000000
934	-14833447.000000000
935	-14833632.000000000
936	-14827446.000000000
937	-14824426.000000000
938	-14833806.000000000
939	-14835859.000000000
940	-14835651.000000000
941	-14837051.000000000
942	-14831225.000000000
943	-14813431.000000000
944	-14802089.000000000
945	-14802344.000000000
946	-14786036.000000000
947	-14774114.000000000
948	-14752779.000000000
949	-14741008.000000000
950	-14694955.000000000
951	-14639012.000000000
952	-14572611.000000000
953	-14489679.000000000
954	-14390687.000000000
955	-14282870.000000000
956	-14160493.000000000
957	-14033078.000000000
958	-13892408.000000000
959	-13756673.000000000
960	-13617741.000000000
961	-13480457.000000000
962	-13353743.000000000
963	-13248413.000000000
964	-13146906.000000000
965	-13059257.000000000
966	-12990703.000000000
967	-12936838.000000000
968	-12899673.000000000
969	-12882629.000000000
970	-12872091.000000000
971	-12881871.000000000
972	-12902019.000000000
973	-12937503.000000000
974	-12985839.000000000
975	-13050674.000000000
976	-13119319.000000000
977	-13196108.000000000
978	-13262929.000000000
979	-13352726.000000000
980	-13429482.000000000
981	-13510340.000000000
982	-13584536.000000000
983	-13673035.000000000
984	-13756898.000000000
985	-13833473.000000000
986	-13918733.000000000
987	-14010916.000000000
988	-14073768.000000000
989	-14140163.000000000
990	-14205067.000000000
991	-14272852.000000000
992	-14329926.000000000
993	-14385722.000000000
994	-14429705.000000000
995	-14467187.000000000
996	-14504828.000000000
997	-14530872.000000000
998	-14570013.000000000
999	-14612669.000000000
1000	-14645148.000000000
1001	-14675624.000000000
1002	-14704959.000000000
1003	-14731960.000000000
1004	-14750000.000000000
1005	-14769582.000000000
1006	-14791200.000000000
1007	-14819737.000000000
1008	-14835072.000000000
1009	-14854460.000000000
1010	-14860840.000000000
1011	-14869669.000000000
1012	-14863967.000000000
1013	-14859951.000000000
1014	-14847506.000000000
1015	-14831284.000000000
1016	-14817887.000000000
1017	-14823966.000000000
1018	-14821597.000000000
1019	-14813709.000000000
1020	-14806196.000000000
1021	-14809654.000000000
1022	-14805748.000000000
1023	-14804593.000000000
1024	-14810475.000000000
1025	-14809696.000000000
1026	-14807064.000000000
1027	-14806921.000000000
1028	-14820169.000000000
1029	-14834090.000000000
1030	-14840323.000000000
1031	-14845334.000000000
1032	-14850269.000000000
1033	-14862525.000000000
1034	-14871444.000000000
1035	-14882924.000000000
1036	-14895430.000000000
1037	-14904972.000000000
1038	-14900556.000000000
1039	-14910735.000000000
1040	-14922425.000000000
1041	-14920559.000000000
1042	-14910544.000000000
1043	-14909042.000000000
1044	-14914439.000000000
1045	-14907516.000000000
1046	-14914494.000000000
1047	-14911146.000000000
1048	-14908390.000000000
1049	-14900067.000000000
1050	-14895932.000000000
1051	-14883284.000000000
1052	-14873872.000000000
1053	-14863935.000000000
1054	-14847882.000000000
1055	-14846841.000000000
1056	-14840863.000000000
1057	-14822532.000000000
1058	-14787310.000000000
1059	-14732986.000000000
1060	-14657760.000000000
1061	-14570851.000000000
1062	-14462957.000000000
1063	-14337888.000000000
1064	-14202690.000000000
1065	-14078245.000000000
1066	-13927020.000000000
1067	-13776124.000000000
1068	-13617071.000000000
1069	-13477974.000000000
1070	-13333512.000000000
1071	-13217352.000000000
1072	-13101947.000000000
1073	-13007051.000000000
1074	-12934955.000000000
1075	-12891137.000000000
1076	-12861415.000000000
1077	-12851472.000000000
1078	-12865558.000000000
1079	-12886486.000000000
1080	-12941772.000000000
1081	-13006159.000000000
1082	-13072697.000000000
1083	-13158762.000000000
1084	-13241702.000000000
1085	-13336980.000000000
1086	-13426770.000000000
1087	-13507403.000000000
1088	-13595941.000000000
1089	-13695840.000000000
1090	-13781431.000000000
1091	-13857235.000000000
1092	-13939279.000000000
1093	-14029003.000000000
1094	-14104772.000000000
1095	-14168958.000000000
1096	-14230971.000000000
1097	-14284346.000000000
1098	-14335916.000000000
1099	-14387614.000000000
1100	-14428927.000000000
1101	-14484658.000000000
1102	-14531239.000000000
1103	-14571124.000000000
1104	-14603491.000000000
1105	-14637209.000000000
1106	-14674085.000000000
1107	-14720037.000000000
1108	-14743301.000000000
1109	-14759168.000000000
1110	-14791211.000000000
1111	-14825310.000000000
1112	-14857678.000000000
1113	-14882895.000000000
1114	-14901761.000000000
1115	-14913793.000000000
1116	-14914477.000000000
1117	-14931414.000000000
1118	-14948652.000000000
1119	-14951266.000000000
1120	-14951072.000000000
1121	-14954071.000000000
1122	-14964535.000000000
1123	-14964289.000000000
1124	-14958207.000000000
1125	-14948706.000000000
1126	-14947620.000000000
1127	-14952954.000000000
1128	-14952191.000000000
1129	-14942619.000000000
1130	-14928123.000000000
1131	-14918436.000000000
1132	-14908061.000000000
1133	-14895437.000000000
1134	-14882797.000000000
1135	-14878568.000000000
1136	-14878110.000000000
1137	-14879402.000000000
1138	-14878652.000000000
1139	-14869880.000000000
1140	-14870716.000000000
1141	-14882260.000000000
1142	-14886550.000000000
1143	-14899887.000000000
1144	-14904362.000000000
1145	-14914812.000000000
1146	-14928840.000000000
1147	-14934697.000000000
1148	-14950644.000000000
1149	-14965243.000000000
1150	-14981526.000000000
1151	-14980684.000000000
1152	-14981656.000000000
1153	-14988449.000000000
1154	-14988694.000000000
1155	-14981243.000000000
1156	-14981956.000000000
1157	-14991306.000000000
1158	-14990113.000000000
1159	-14987421.000000000
1160	-14991326.000000000
1161	-14985248.000000000
1162	-14977300.000000000
1163	-14974219.000000000
1164	-14958660.000000000
1165	-14954828.000000000
1166	-14944799.000000000
1167	-14937618.000000000
1168	-14918717.000000000
1169	-14897268.000000000
1170	-14857682.000000000
1171	-14824378.000000000
1172	-14768486.000000000
1173	-14707669.000000000
1174	-14625726.000000000
1175	-14538721.000000000
1176	-14422282.000000000
1177	-14299658.000000000
1178	-14160639.000000000
1179	-14016046.000000000
1180	-13842826.000000000
1181	-13669778.000000000
1182	-13503730.000000000
1183	-13357621.000000000
1184	-13211303.000000000
1185	-13080880.000000000
1186	-12977193.000000000
1187	-12898165.000000000
1188	-12838571.000000000
1189	-12797044.000000000
1190	-12792743.000000000
1191	-12814449.000000000
1192	-12858454.000000000
1193	-12931306.000000000
1194	-13017451.000000000
1195	-13121320.000000000
1196	-13219726.000000000
1197	-13326409.000000000
1198	-13445058.000000000
1199	-13552586.000000000
1200	-13665383.000000000
1201	-13771231.000000000
1202	-13859965.000000000
1203	-13953651.000000000
1204	-14040616.000000000
1205	-14131346.000000000
1206	-14213837.000000000
1207	-14280699.000000000
1208	-14347748.000000000
1209	-14400473.000000000
1210	-14465643.000000000
1211	-14520193.000000000
1212	-14561598.000000000
1213	-14600868.000000000
1214	-14641755.000000000
1215	-14675229.000000000
1216	-14704436.000000000
1217	-14723038.000000000
1218	-14748381.000000000
1219	-14765792.000000000
1220	-14785838.000000000
1221	-14820083.000000000
1222	-14839552.000000000
1223	-14853871.000000000
1224	-14875528.000000000
1225	-14894561.000000000
1226	-14915835.000000000
1227	-14939365.000000000
1228	-14965523.000000000
1229	-14989878.000000000
1230	-15015487.000000000
1231	-15027944.000000000
1232	-15042094.000000000
1233	-15058238.000000000
1234	-15065591.000000000
1235	-15074786.000000000
1236	-15084974.000000000
1237	-15091893.000000000
1238	-15101051.000000000
1239	-15108685.000000000
1240	-15105430.000000000
1241	-15093321.000000000
1242	-15082240.000000000
1243	-15077621.000000000
1244	-15069955.000000000
1245	-15050550.000000000
1246	-15037357.000000000
1247	-15024933.000000000
1248	-15004096.000000000
1249	-14992512.000000000
1250	-14984420.000000000
1251	-14963540.000000000
1252	-14950982.000000000
1253	-14950137.000000000
1254	-14952704.000000000
1255	-14965265.000000000
1256	-14981995.000000000
1257	-14992478.000000000
1258	-15003817.000000000
1259	-15012138.000000000
1260	-15032839.000000000
1261	-15045249.000000000
1262	-15064287.000000000
1263	-15075793.000000000
1264	-15089612.000000000
1265	-15108256.000000000
1266	-15126059.000000000
1267	-15140259.000000000
1268	-15152978.000000000
1269	-15158015.000000000
1270	-15163658.000000000
1271	-15160896.000000000
1272	-15160517.000000000
1273	-15155192.000000000
1274	-15153854.000000000
1275	-15152485.000000000
1276	-15150474.000000000
1277	-15154827.000000000
1278	-15170268.000000000
1279	-15173142.000000000
1280	-15166230.000000000
1281	-15164048.000000000
1282	-15142152.000000000
1283	-15118475.000000000
1284	-15093375.000000000
1285	-15079421.000000000
1286	-15045887.000000000
1287	-15018927.000000000
1288	-14998229.000000000
1289	-14966329.000000000
1290	-14921276.000000000
1291	-14869263.000000000
1292	-14794357.000000000
1293	-14713106.000000000
1294	-14606804.000000000
1295	-14478269.000000000
1296	-14347145.000000000
1297	-14197424.000000000
1298	-14037003.000000000
1299	-13873029.000000000
1300	-13703841.000000000
1301	-13530320.000000000
1302	-13350414.000000000
1303	-13210966.000000000
1304	-13107575.000000000
1305	-13024176.000000000
1306	-12955844.000000000
1307	-12913741.000000000
1308	-12903241.000000000
1309	-12917090.000000000
1310	-12945372.000000000
1311	-12990712.000000000
1312	-13038165.000000000
1313	-13120771.000000000
1314	-13220421.000000000
1315	-13331707.000000000
1316	-13446256.000000000
1317	-13573732.000000000
1318	-13692377.000000000
1319	-13809020.000000000
1320	-13920794.000000000
1321	-14024891.000000000
1322	-14089321.000000000
1323	-14164049.000000000
1324	-14237845.000000000
1325	-14321450.000000000
1326	-14573115.000000000
1327	NaN
