X	Y
0	-12990378.000000000
1	-12696476.000000000
2	-12464390.000000000
3	-12272508.000000000
4	-12094144.000000000
5	-11977348.000000000
6	-11854636.000000000
7	-11775062.000000000
8	-11710379.000000000
9	-11680036.000000000
10	-11610448.000000000
11	-11563206.000000000
12	-11546858.000000000
13	-11487633.000000000
14	-11441618.000000000
15	-11387422.000000000
16	-11308324.000000000
17	-11231863.000000000
18	-11126970.000000000
19	-11000720.000000000
20	-10834729.000000000
21	-10654373.000000000
22	-10483054.000000000
23	-10297955.000000000
24	-10129826.000000000
25	-9962433.000000000
26	-9815925.000000000
27	-9709907.000000000
28	-9641136.000000000
29	-9609459.000000000
30	-9583463.000000000
31	-9578945.000000000
32	-9617215.000000000
33	-9691285.000000000
34	-9751792.000000000
35	-9819590.000000000
36	-9874624.000000000
37	-9930965.000000000
38	-9985415.000000000
39	-10033477.000000000
40	-10080409.000000000
41	-10130452.000000000
42	-10190531.000000000
43	-10246490.000000000
44	-10300387.000000000
45	-10371529.000000000
46	-10424771.000000000
47	-10457307.000000000
48	-10460320.000000000
49	-10427161.000000000
50	-10362546.000000000
51	-10275277.000000000
52	-10169772.000000000
53	-10039050.000000000
54	-9906995.000000000
55	-9782458.000000000
56	-9654412.000000000
57	-9551585.000000000
58	-9467636.000000000
59	-9404569.000000000
60	-9357315.000000000
61	-9339186.000000000
62	-9359878.000000000
63	-9395462.000000000
64	-9455668.000000000
65	-9527048.000000000
66	-9597968.000000000
67	-9710006.000000000
68	-9813368.000000000
69	-9913430.000000000
70	-9999600.000000000
71	-10080286.000000000
72	-10159754.000000000
73	-10231714.000000000
74	-10284337.000000000
75	-10318636.000000000
76	-10349676.000000000
77	-10383741.000000000
78	-10405333.000000000
79	-10441677.000000000
80	-10480678.000000000
81	-10498202.000000000
82	-10511710.000000000
83	-10511446.000000000
84	-10518144.000000000
85	-10517946.000000000
86	-10516909.000000000
87	-10538529.000000000
88	-10572712.000000000
89	-10612864.000000000
90	-10650979.000000000
91	-10698409.000000000
92	-10728911.000000000
93	-10754909.000000000
94	-10761843.000000000
95	-10733570.000000000
96	-10680417.000000000
97	-10595403.000000000
98	-10479504.000000000
99	-10355537.000000000
100	-10217582.000000000
101	-10080896.000000000
102	-9950966.000000000
103	-9843076.000000000
104	-9743813.000000000
105	-9679138.000000000
106	-9637918.000000000
107	-9633105.000000000
108	-9650625.000000000
109	-9688628.000000000
110	-9757836.000000000
111	-9843952.000000000
112	-9931689.000000000
113	-10043710.000000000
114	-10145447.000000000
115	-10251117.000000000
116	-10336001.000000000
117	-10403076.000000000
118	-10479105.000000000
119	-10554640.000000000
120	-10623387.000000000
121	-10697812.000000000
122	-10773969.000000000
123	-10858430.000000000
124	-10952516.000000000
125	-11025456.000000000
126	-11069131.000000000
127	-11091203.000000000
128	-11084888.000000000
129	-11043828.000000000
130	-10965463.000000000
131	-10860044.000000000
132	-10747594.000000000
133	-10613017.000000000
134	-10489660.000000000
135	-10376965.000000000
136	-10276267.000000000
137	-10186841.000000000
138	-10139161.000000000
139	-10108497.000000000
140	-10093547.000000000
141	-10117164.000000000
142	-10168447.000000000
143	-10240683.000000000
144	-10324352.000000000
145	-10430610.000000000
146	-10536236.000000000
147	-10640316.000000000
148	-10755030.000000000
149	-10862262.000000000
150	-10960187.000000000
151	-11051820.000000000
152	-11141854.000000000
153	-11224763.000000000
154	-11293291.000000000
155	-11340674.000000000
156	-11381796.000000000
157	-11421559.000000000
158	-11470688.000000000
159	-11516881.000000000
160	-11544608.000000000
161	-11577256.000000000
162	-11611820.000000000
163	-11630049.000000000
164	-11648901.000000000
165	-11667809.000000000
166	-11687557.000000000
167	-11714490.000000000
168	-11756923.000000000
169	-11810041.000000000
170	-11869140.000000000
171	-11928695.000000000
172	-11982210.000000000
173	-12027347.000000000
174	-12054793.000000000
175	-12044132.000000000
176	-11996533.000000000
177	-11913247.000000000
178	-11812090.000000000
179	-11690536.000000000
180	-11553215.000000000
181	-11421009.000000000
182	-11302646.000000000
183	-11209876.000000000
184	-11127035.000000000
185	-11056869.000000000
186	-11027020.000000000
187	-11014742.000000000
188	-11031396.000000000
189	-11078145.000000000
190	-11154890.000000000
191	-11252224.000000000
192	-11341776.000000000
193	-11459645.000000000
194	-11563538.000000000
195	-11679111.000000000
196	-11790377.000000000
197	-11886729.000000000
198	-11990998.000000000
199	-12064164.000000000
200	-12164527.000000000
201	-12247933.000000000
202	-12333925.000000000
203	-12414149.000000000
204	-12501862.000000000
205	-12577984.000000000
206	-12644882.000000000
207	-12690296.000000000
208	-12718484.000000000
209	-12717466.000000000
210	-12677077.000000000
211	-12586803.000000000
212	-12486769.000000000
213	-12359127.000000000
214	-12222651.000000000
215	-12093429.000000000
216	-11960435.000000000
217	-11837995.000000000
218	-11715753.000000000
219	-11639874.000000000
220	-11596883.000000000
221	-11587421.000000000
222	-11595226.000000000
223	-11643161.000000000
224	-11723353.000000000
225	-11809065.000000000
226	-11909218.000000000
227	-12038667.000000000
228	-12166482.000000000
229	-12300610.000000000
230	-12431529.000000000
231	-12544771.000000000
232	-12656610.000000000
233	-12740366.000000000
234	-12803683.000000000
235	-12868050.000000000
236	-12917658.000000000
237	-12973046.000000000
238	-13023097.000000000
239	-13060654.000000000
240	-13100118.000000000
241	-13134943.000000000
242	-13162056.000000000
243	-13173198.000000000
244	-13181470.000000000
245	-13193937.000000000
246	-13204060.000000000
247	-13193616.000000000
248	-13203049.000000000
249	-13228904.000000000
250	-13266744.000000000
251	-13292540.000000000
252	-13336839.000000000
253	-13393385.000000000
254	-13432379.000000000
255	-13472556.000000000
256	-13480050.000000000
257	-13461728.000000000
258	-13422663.000000000
259	-13355429.000000000
260	-13248554.000000000
261	-13125631.000000000
262	-12995482.000000000
263	-12865600.000000000
264	-12739877.000000000
265	-12622936.000000000
266	-12515587.000000000
267	-12428034.000000000
268	-12358170.000000000
269	-12319067.000000000
270	-12310931.000000000
271	-12348898.000000000
272	-12417635.000000000
273	-12497481.000000000
274	-12563021.000000000
275	-12657011.000000000
276	-12773607.000000000
277	-12862120.000000000
278	-12956586.000000000
279	-13044714.000000000
280	-13130166.000000000
281	-13198665.000000000
282	-13274197.000000000
283	-13344524.000000000
284	-13423948.000000000
285	-13502295.000000000
286	-13581358.000000000
287	-13646350.000000000
288	-13721965.000000000
289	-13776915.000000000
290	-13809313.000000000
291	-13820769.000000000
292	-13786388.000000000
293	-13727424.000000000
294	-13631114.000000000
295	-13506593.000000000
296	-13360113.000000000
297	-13226012.000000000
298	-13071083.000000000
299	-12934593.000000000
300	-12805111.000000000
301	-12691225.000000000
302	-12591303.000000000
303	-12532617.000000000
304	-12500384.000000000
305	-12491776.000000000
306	-12508002.000000000
307	-12571432.000000000
308	-12645456.000000000
309	-12730587.000000000
310	-12831130.000000000
311	-12933282.000000000
312	-13036827.000000000
313	-13157650.000000000
314	-13264357.000000000
315	-13362419.000000000
316	-13468488.000000000
317	-13553600.000000000
318	-13628223.000000000
319	-13687054.000000000
320	-13730124.000000000
321	-13774183.000000000
322	-13799404.000000000
323	-13825927.000000000
324	-13849370.000000000
325	-13872498.000000000
326	-13893707.000000000
327	-13907770.000000000
328	-13920627.000000000
329	-13918112.000000000
330	-13917796.000000000
331	-13919713.000000000
332	-13908804.000000000
333	-13903796.000000000
334	-13911647.000000000
335	-13930655.000000000
336	-13946906.000000000
337	-13982329.000000000
338	-14015170.000000000
339	-14038032.000000000
340	-14036881.000000000
341	-14020077.000000000
342	-13981705.000000000
343	-13895513.000000000
344	-13763578.000000000
345	-13618901.000000000
346	-13464984.000000000
347	-13304819.000000000
348	-13147728.000000000
349	-13007382.000000000
350	-12881295.000000000
351	-12772726.000000000
352	-12698336.000000000
353	-12657489.000000000
354	-12640080.000000000
355	-12656004.000000000
356	-12696148.000000000
357	-12755689.000000000
358	-12825487.000000000
359	-12910689.000000000
360	-13020595.000000000
361	-13140704.000000000
362	-13246450.000000000
363	-13344570.000000000
364	-13432835.000000000
365	-13526557.000000000
366	-13599242.000000000
367	-13655577.000000000
368	-13713271.000000000
369	-13782079.000000000
370	-13847823.000000000
371	-13902634.000000000
372	-13966063.000000000
373	-14024416.000000000
374	-14068572.000000000
375	-14094362.000000000
376	-14087352.000000000
377	-14045061.000000000
378	-13985179.000000000
379	-13883401.000000000
380	-13757176.000000000
381	-13601079.000000000
382	-13439914.000000000
383	-13281485.000000000
384	-13125620.000000000
385	-12966747.000000000
386	-12837791.000000000
387	-12735932.000000000
388	-12652989.000000000
389	-12607800.000000000
390	-12593041.000000000
391	-12609066.000000000
392	-12650193.000000000
393	-12719539.000000000
394	-12799449.000000000
395	-12892727.000000000
396	-12997645.000000000
397	-13103853.000000000
398	-13230706.000000000
399	-13347344.000000000
400	-13469069.000000000
401	-13570488.000000000
402	-13661370.000000000
403	-13738709.000000000
404	-13814293.000000000
405	-13875507.000000000
406	-13931653.000000000
407	-13946569.000000000
408	-13964333.000000000
409	-13984311.000000000
410	-14006778.000000000
411	-14015788.000000000
412	-14028688.000000000
413	-14040281.000000000
414	-14049440.000000000
415	-14045706.000000000
416	-14036421.000000000
417	-14042273.000000000
418	-14041720.000000000
419	-14036827.000000000
420	-14048281.000000000
421	-14042713.000000000
422	-14064092.000000000
423	-14092199.000000000
424	-14121640.000000000
425	-14150100.000000000
426	-14164408.000000000
427	-14156203.000000000
428	-14113439.000000000
429	-14037095.000000000
430	-13917867.000000000
431	-13775328.000000000
432	-13614548.000000000
433	-13462216.000000000
434	-13309936.000000000
435	-13148113.000000000
436	-13000341.000000000
437	-12889734.000000000
438	-12798310.000000000
439	-12733742.000000000
440	-12698345.000000000
441	-12685098.000000000
442	-12708025.000000000
443	-12754524.000000000
444	-12819302.000000000
445	-12909449.000000000
446	-13000753.000000000
447	-13107482.000000000
448	-13228310.000000000
449	-13356844.000000000
450	-13480143.000000000
451	-13578584.000000000
452	-13660538.000000000
453	-13731016.000000000
454	-13795621.000000000
455	-13861929.000000000
456	-13934760.000000000
457	-13998490.000000000
458	-14058265.000000000
459	-14105633.000000000
460	-14157955.000000000
461	-14193961.000000000
462	-14203666.000000000
463	-14201682.000000000
464	-14183401.000000000
465	-14124099.000000000
466	-14028557.000000000
467	-13900389.000000000
468	-13754936.000000000
469	-13598555.000000000
470	-13427212.000000000
471	-13264024.000000000
472	-13092337.000000000
473	-12955585.000000000
474	-12838104.000000000
475	-12750553.000000000
476	-12694350.000000000
477	-12670961.000000000
478	-12668348.000000000
479	-12690528.000000000
480	-12731222.000000000
481	-12801810.000000000
482	-12898626.000000000
483	-12995675.000000000
484	-13113514.000000000
485	-13223618.000000000
486	-13343820.000000000
487	-13456645.000000000
488	-13575906.000000000
489	-13690808.000000000
490	-13788230.000000000
491	-13873403.000000000
492	-13950121.000000000
493	-14013095.000000000
494	-14060994.000000000
495	-14087802.000000000
496	-14119841.000000000
497	-14134442.000000000
498	-14141799.000000000
499	-14139554.000000000
500	-14143331.000000000
501	-14136529.000000000
502	-14145805.000000000
503	-14147271.000000000
504	-14158244.000000000
505	-14154937.000000000
506	-14133372.000000000
507	-14119301.000000000
508	-14121680.000000000
509	-14134831.000000000
510	-14146678.000000000
511	-14160952.000000000
512	-14178238.000000000
513	-14202377.000000000
514	-14214106.000000000
515	-14214629.000000000
516	-14199416.000000000
517	-14154435.000000000
518	-14078538.000000000
519	-13962499.000000000
520	-13827514.000000000
521	-13677806.000000000
522	-13514641.000000000
523	-13355755.000000000
524	-13200630.000000000
525	-13057049.000000000
526	-12934902.000000000
527	-12851042.000000000
528	-12782411.000000000
529	-12747274.000000000
530	-12732292.000000000
531	-12761859.000000000
532	-12815320.000000000
533	-12880640.000000000
534	-12952495.000000000
535	-13044113.000000000
536	-13151708.000000000
537	-13274443.000000000
538	-13396836.000000000
539	-13509061.000000000
540	-13608788.000000000
541	-13696122.000000000
542	-13777556.000000000
543	-13852053.000000000
544	-13919406.000000000
545	-13969006.000000000
546	-14019665.000000000
547	-14078570.000000000
548	-14131852.000000000
549	-14179131.000000000
550	-14220776.000000000
551	-14262372.000000000
552	-14280991.000000000
553	-14268655.000000000
554	-14226451.000000000
555	-14156849.000000000
556	-14052122.000000000
557	-13924242.000000000
558	-13757190.000000000
559	-13594651.000000000
560	-13425278.000000000
561	-13265369.000000000
562	-13107197.000000000
563	-12967515.000000000
564	-12851142.000000000
565	-12769238.000000000
566	-12714653.000000000
567	-12681295.000000000
568	-12679348.000000000
569	-12712349.000000000
570	-12768553.000000000
571	-12836726.000000000
572	-12924610.000000000
573	-13031438.000000000
574	-13135245.000000000
575	-13253038.000000000
576	-13388627.000000000
577	-13499968.000000000
578	-13617343.000000000
579	-13723753.000000000
580	-13833317.000000000
581	-13923203.000000000
582	-14021472.000000000
583	-14091727.000000000
584	-14142584.000000000
585	-14175330.000000000
586	-14192731.000000000
587	-14213945.000000000
588	-14215138.000000000
589	-14217124.000000000
590	-14225312.000000000
591	-14224672.000000000
592	-14232107.000000000
593	-14232781.000000000
594	-14242599.000000000
595	-14249249.000000000
596	-14245851.000000000
597	-14232846.000000000
598	-14227534.000000000
599	-14226330.000000000
600	-14233086.000000000
601	-14234787.000000000
602	-14240412.000000000
603	-14251544.000000000
604	-14274655.000000000
605	-14291943.000000000
606	-14296342.000000000
607	-14287400.000000000
608	-14252840.000000000
609	-14200241.000000000
610	-14095406.000000000
611	-13968463.000000000
612	-13791414.000000000
613	-13640971.000000000
614	-13507786.000000000
615	-13346110.000000000
616	-13194233.000000000
617	-13058593.000000000
618	-12953970.000000000
619	-12867893.000000000
620	-12814959.000000000
621	-12796267.000000000
622	-12808690.000000000
623	-12845686.000000000
624	-12889192.000000000
625	-12962665.000000000
626	-13049978.000000000
627	-13150909.000000000
628	-13262506.000000000
629	-13389843.000000000
630	-13490501.000000000
631	-13591803.000000000
632	-13692355.000000000
633	-13792215.000000000
634	-13890283.000000000
635	-13962605.000000000
636	-14036947.000000000
637	-14090127.000000000
638	-14137549.000000000
639	-14188684.000000000
640	-14231177.000000000
641	-14271091.000000000
642	-14303300.000000000
643	-14342550.000000000
644	-14362063.000000000
645	-14361822.000000000
646	-14360299.000000000
647	-14325536.000000000
648	-14253222.000000000
649	-14141550.000000000
650	-14018879.000000000
651	-13867176.000000000
652	-13697517.000000000
653	-13528628.000000000
654	-13361681.000000000
655	-13210473.000000000
656	-13073657.000000000
657	-12959672.000000000
658	-12860368.000000000
659	-12805304.000000000
660	-12789227.000000000
661	-12809106.000000000
662	-12837381.000000000
663	-12879295.000000000
664	-12939253.000000000
665	-13024776.000000000
666	-13134499.000000000
667	-13253113.000000000
668	-13368257.000000000
669	-13475301.000000000
670	-13591911.000000000
671	-13708199.000000000
672	-13828212.000000000
673	-13922652.000000000
674	-14006002.000000000
675	-14088073.000000000
676	-14143834.000000000
677	-14203356.000000000
678	-14247259.000000000
679	-14272689.000000000
680	-14290979.000000000
681	-14297177.000000000
682	-14297447.000000000
683	-14305615.000000000
684	-14317729.000000000
685	-14336549.000000000
686	-14345167.000000000
687	-14358946.000000000
688	-14365292.000000000
689	-14367390.000000000
690	-14364001.000000000
691	-14355052.000000000
692	-14341732.000000000
693	-14335523.000000000
694	-14343095.000000000
695	-14350472.000000000
696	-14346600.000000000
697	-14356813.000000000
698	-14370959.000000000
699	-14390734.000000000
700	-14389886.000000000
701	-14383820.000000000
702	-14347008.000000000
703	-14299806.000000000
704	-14213647.000000000
705	-14107167.000000000
706	-13986946.000000000
707	-13819301.000000000
708	-13664637.000000000
709	-13518465.000000000
710	-13355870.000000000
711	-13214857.000000000
712	-13097741.000000000
713	-12996924.000000000
714	-12914275.000000000
715	-12854840.000000000
716	-12835347.000000000
717	-12855201.000000000
718	-12900853.000000000
719	-12967852.000000000
720	-13058243.000000000
721	-13146549.000000000
722	-13238145.000000000
723	-13356496.000000000
724	-13461233.000000000
725	-13558069.000000000
726	-13677692.000000000
727	-13782892.000000000
728	-13880299.000000000
729	-13973434.000000000
730	-14037027.000000000
731	-14089055.000000000
732	-14149237.000000000
733	-14193556.000000000
734	-14234094.000000000
735	-14271651.000000000
736	-14315337.000000000
737	-14358518.000000000
738	-14390638.000000000
739	-14418691.000000000
740	-14430750.000000000
741	-14423596.000000000
742	-14410563.000000000
743	-14362077.000000000
744	-14276996.000000000
745	-14163699.000000000
746	-14032150.000000000
747	-13881167.000000000
748	-13712529.000000000
749	-13537132.000000000
750	-13382432.000000000
751	-13233625.000000000
752	-13093491.000000000
753	-12977678.000000000
754	-12891027.000000000
755	-12833579.000000000
756	-12800458.000000000
757	-12815789.000000000
758	-12846985.000000000
759	-12903906.000000000
760	-12976250.000000000
761	-13063309.000000000
762	-13159869.000000000
763	-13256550.000000000
764	-13369350.000000000
765	-13488364.000000000
766	-13592653.000000000
767	-13719703.000000000
768	-13820346.000000000
769	-13928963.000000000
770	-14031177.000000000
771	-14118361.000000000
772	-14191430.000000000
773	-14259124.000000000
774	-14301692.000000000
775	-14343114.000000000
776	-14371466.000000000
777	-14384022.000000000
778	-14388056.000000000
779	-14394123.000000000
780	-14402929.000000000
781	-14415860.000000000
782	-14423072.000000000
783	-14423621.000000000
784	-14430726.000000000
785	-14436512.000000000
786	-14447179.000000000
787	-14449688.000000000
788	-14447358.000000000
789	-14440784.000000000
790	-14443879.000000000
791	-14445615.000000000
792	-14436768.000000000
793	-14428131.000000000
794	-14438250.000000000
795	-14449325.000000000
796	-14461993.000000000
797	-14468313.000000000
798	-14462315.000000000
799	-14450329.000000000
800	-14425986.000000000
801	-14371405.000000000
802	-14277468.000000000
803	-14167563.000000000
804	-14041261.000000000
805	-13878902.000000000
806	-13691959.000000000
807	-13523134.000000000
808	-13376578.000000000
809	-13243247.000000000
810	-13127922.000000000
811	-13054903.000000000
812	-12979426.000000000
813	-12932401.000000000
814	-12934722.000000000
815	-12974481.000000000
816	-13005661.000000000
817	-13059509.000000000
818	-13135864.000000000
819	-13232505.000000000
820	-13335305.000000000
821	-13443344.000000000
822	-13560593.000000000
823	-13669780.000000000
824	-13777656.000000000
825	-13872534.000000000
826	-13981029.000000000
827	-14071752.000000000
828	-14158816.000000000
829	-14215758.000000000
830	-14265770.000000000
831	-14306172.000000000
832	-14358102.000000000
833	-14390937.000000000
834	-14426503.000000000
835	-14451913.000000000
836	-14483173.000000000
837	-14512831.000000000
838	-14542826.000000000
839	-14569220.000000000
840	-14573952.000000000
841	-14558576.000000000
842	-14511935.000000000
843	-14442836.000000000
844	-14328373.000000000
845	-14211924.000000000
846	-14078236.000000000
847	-13915108.000000000
848	-13736033.000000000
849	-13573388.000000000
850	-13430917.000000000
851	-13291686.000000000
852	-13179259.000000000
853	-13088291.000000000
854	-13020792.000000000
855	-12993955.000000000
856	-12982578.000000000
857	-12998396.000000000
858	-13043144.000000000
859	-13110270.000000000
860	-13196043.000000000
861	-13294968.000000000
862	-13406949.000000000
863	-13519375.000000000
864	-13618830.000000000
865	-13727316.000000000
866	-13836181.000000000
867	-13944622.000000000
868	-14045675.000000000
869	-14126693.000000000
870	-14207115.000000000
871	-14277460.000000000
872	-14349021.000000000
873	-14398802.000000000
874	-14451267.000000000
875	-14486411.000000000
876	-14499849.000000000
877	-14496201.000000000
878	-14507762.000000000
879	-14521140.000000000
880	-14524265.000000000
881	-14524646.000000000
882	-14532138.000000000
883	-14540831.000000000
884	-14544672.000000000
885	-14542047.000000000
886	-14541297.000000000
887	-14547919.000000000
888	-14550991.000000000
889	-14557006.000000000
890	-14557198.000000000
891	-14563550.000000000
892	-14560780.000000000
893	-14563719.000000000
894	-14565241.000000000
895	-14575739.000000000
896	-14582065.000000000
897	-14588783.000000000
898	-14600042.000000000
899	-14604466.000000000
900	-14592568.000000000
901	-14554446.000000000
902	-14501692.000000000
903	-14423582.000000000
904	-14306992.000000000
905	-14177226.000000000
906	-14045838.000000000
907	-13899706.000000000
908	-13744040.000000000
909	-13574132.000000000
910	-13432008.000000000
911	-13315774.000000000
912	-13211880.000000000
913	-13131313.000000000
914	-13071152.000000000
915	-13053510.000000000
916	-13064533.000000000
917	-13095508.000000000
918	-13145143.000000000
919	-13222851.000000000
920	-13310738.000000000
921	-13401970.000000000
922	-13504699.000000000
923	-13620849.000000000
924	-13721287.000000000
925	-13828248.000000000
926	-13940431.000000000
927	-14043754.000000000
928	-14135250.000000000
929	-14214011.000000000
930	-14298158.000000000
931	-14370078.000000000
932	-14419981.000000000
933	-14469599.000000000
934	-14510894.000000000
935	-14540487.000000000
936	-14554603.000000000
937	-14582580.000000000
938	-14608315.000000000
939	-14633448.000000000
940	-14658960.000000000
941	-14683895.000000000
942	-14708868.000000000
943	-14705474.000000000
944	-14674975.000000000
945	-14628949.000000000
946	-14550970.000000000
947	-14449936.000000000
948	-14324204.000000000
949	-14183057.000000000
950	-14033575.000000000
951	-13869590.000000000
952	-13702635.000000000
953	-13546303.000000000
954	-13403664.000000000
955	-13286020.000000000
956	-13192212.000000000
957	-13113125.000000000
958	-13060266.000000000
959	-13053029.000000000
960	-13072426.000000000
961	-13115179.000000000
962	-13188685.000000000
963	-13271954.000000000
964	-13351172.000000000
965	-13463573.000000000
966	-13564614.000000000
967	-13681661.000000000
968	-13796637.000000000
969	-13900162.000000000
970	-13999572.000000000
971	-14095188.000000000
972	-14189363.000000000
973	-14266959.000000000
974	-14359883.000000000
975	-14440126.000000000
976	-14516222.000000000
977	-14580446.000000000
978	-14624340.000000000
979	-14646154.000000000
980	-14660624.000000000
981	-14664936.000000000
982	-14657062.000000000
983	-14649554.000000000
984	-14638705.000000000
985	-14639536.000000000
986	-14643911.000000000
987	-14646362.000000000
988	-14651116.000000000
989	-14655746.000000000
990	-14652485.000000000
991	-14656320.000000000
992	-14659198.000000000
993	-14676324.000000000
994	-14684585.000000000
995	-14687336.000000000
996	-14688275.000000000
997	-14685681.000000000
998	-14687022.000000000
999	-14698372.000000000
1000	-14709326.000000000
1001	-14714361.000000000
1002	-14737084.000000000
1003	-14751473.000000000
1004	-14760104.000000000
1005	-14750948.000000000
1006	-14719304.000000000
1007	-14652733.000000000
1008	-14566327.000000000
1009	-14459209.000000000
1010	-14330666.000000000
1011	-14195262.000000000
1012	-14049855.000000000
1013	-13875565.000000000
1014	-13722268.000000000
1015	-13570935.000000000
1016	-13448233.000000000
1017	-13345342.000000000
1018	-13270820.000000000
1019	-13205913.000000000
1020	-13164089.000000000
1021	-13149026.000000000
1022	-13164205.000000000
1023	-13208683.000000000
1024	-13264530.000000000
1025	-13347928.000000000
1026	-13445537.000000000
1027	-13558226.000000000
1028	-13666435.000000000
1029	-13763788.000000000
1030	-13872977.000000000
1031	-13974512.000000000
1032	-14073186.000000000
1033	-14169460.000000000
1034	-14254634.000000000
1035	-14352728.000000000
1036	-14432070.000000000
1037	-14489220.000000000
1038	-14559298.000000000
1039	-14624062.000000000
1040	-14676937.000000000
1041	-14715986.000000000
1042	-14737293.000000000
1043	-14746737.000000000
1044	-14753102.000000000
1045	-14761287.000000000
1046	-14775243.000000000
1047	-14785117.000000000
1048	-14807609.000000000
1049	-14814507.000000000
1050	-14810202.000000000
1051	-14788443.000000000
1052	-14732931.000000000
1053	-14660844.000000000
1054	-14555887.000000000
1055	-14449363.000000000
1056	-14306847.000000000
1057	-14154337.000000000
1058	-13999171.000000000
1059	-13819456.000000000
1060	-13661596.000000000
1061	-13517559.000000000
1062	-13388981.000000000
1063	-13290320.000000000
1064	-13217871.000000000
1065	-13168860.000000000
1066	-13139353.000000000
1067	-13129549.000000000
1068	-13158999.000000000
1069	-13218015.000000000
1070	-13284619.000000000
1071	-13368841.000000000
1072	-13478879.000000000
1073	-13605405.000000000
1074	-13722777.000000000
1075	-13847173.000000000
1076	-13957409.000000000
1077	-14062712.000000000
1078	-14158863.000000000
1079	-14249724.000000000
1080	-14332183.000000000
1081	-14421934.000000000
1082	-14508131.000000000
1083	-14572773.000000000
1084	-14627584.000000000
1085	-14672526.000000000
1086	-14710432.000000000
1087	-14740022.000000000
1088	-14751305.000000000
1089	-14752003.000000000
1090	-14754622.000000000
1091	-14748146.000000000
1092	-14747267.000000000
1093	-14743813.000000000
1094	-14742513.000000000
1095	-14733023.000000000
1096	-14733684.000000000
1097	-14724208.000000000
1098	-14723056.000000000
1099	-14729598.000000000
1100	-14737676.000000000
1101	-14745874.000000000
1102	-14755033.000000000
1103	-14769399.000000000
1104	-14778156.000000000
1105	-14791855.000000000
1106	-14802225.000000000
1107	-14798214.000000000
1108	-14789356.000000000
1109	-14795967.000000000
1110	-14794363.000000000
1111	-14803898.000000000
1112	-14807112.000000000
1113	-14816084.000000000
1114	-14818701.000000000
1115	-14803336.000000000
1116	-14766040.000000000
1117	-14709427.000000000
1118	-14629993.000000000
1119	-14528508.000000000
1120	-14401088.000000000
1121	-14255798.000000000
1122	-14104166.000000000
1123	-13948082.000000000
1124	-13776466.000000000
1125	-13636951.000000000
1126	-13507357.000000000
1127	-13394057.000000000
1128	-13306841.000000000
1129	-13245080.000000000
1130	-13206856.000000000
1131	-13194962.000000000
1132	-13209479.000000000
1133	-13244833.000000000
1134	-13312987.000000000
1135	-13403563.000000000
1136	-13507374.000000000
1137	-13625021.000000000
1138	-13749724.000000000
1139	-13857676.000000000
1140	-13971273.000000000
1141	-14075927.000000000
1142	-14178138.000000000
1143	-14273803.000000000
1144	-14352170.000000000
1145	-14435703.000000000
1146	-14534761.000000000
1147	-14621715.000000000
1148	-14692850.000000000
1149	-14746423.000000000
1150	-14788508.000000000
1151	-14833662.000000000
1152	-14846720.000000000
1153	-14855761.000000000
1154	-14857193.000000000
1155	-14865937.000000000
1156	-14862863.000000000
1157	-14874714.000000000
1158	-14881349.000000000
1159	-14884994.000000000
1160	-14886961.000000000
1161	-14894128.000000000
1162	-14897695.000000000
1163	-14881475.000000000
1164	-14828422.000000000
1165	-14755146.000000000
1166	-14664838.000000000
1167	-14563201.000000000
1168	-14427535.000000000
1169	-14288040.000000000
1170	-14144372.000000000
1171	-13994030.000000000
1172	-13830506.000000000
1173	-13680401.000000000
1174	-13556668.000000000
1175	-13464840.000000000
1176	-13377689.000000000
1177	-13309453.000000000
1178	-13285227.000000000
1179	-13293552.000000000
1180	-13331402.000000000
1181	-13382383.000000000
1182	-13434840.000000000
1183	-13523724.000000000
1184	-13627711.000000000
1185	-13728189.000000000
1186	-13831596.000000000
1187	-13942396.000000000
1188	-14049765.000000000
1189	-14144454.000000000
1190	-14236427.000000000
1191	-14322568.000000000
1192	-14416081.000000000
1193	-14496724.000000000
1194	-14585611.000000000
1195	-14662038.000000000
1196	-14731419.000000000
1197	-14781560.000000000
1198	-14818587.000000000
1199	-14853319.000000000
1200	-14879832.000000000
1201	-14893930.000000000
1202	-14904512.000000000
1203	-14905115.000000000
1204	-14903928.000000000
1205	-14889436.000000000
1206	-14888027.000000000
1207	-14883157.000000000
1208	-14873657.000000000
1209	-14867238.000000000
1210	-14866440.000000000
1211	-14861602.000000000
1212	-14872817.000000000
1213	-14881595.000000000
1214	-14890823.000000000
1215	-14899286.000000000
1216	-14914421.000000000
1217	-14926226.000000000
1218	-14926691.000000000
1219	-14926796.000000000
1220	-14931150.000000000
1221	-14943212.000000000
1222	-14942918.000000000
1223	-14935543.000000000
1224	-14927216.000000000
1225	-14935290.000000000
1226	-14938560.000000000
1227	-14945290.000000000
1228	-14954684.000000000
1229	-14955118.000000000
1230	-14950688.000000000
1231	-14914882.000000000
1232	-14870294.000000000
1233	-14793374.000000000
1234	-14697332.000000000
1235	-14584601.000000000
1236	-14448161.000000000
1237	-14308051.000000000
1238	-14170365.000000000
1239	-14019795.000000000
1240	-13873224.000000000
1241	-13734554.000000000
1242	-13610554.000000000
1243	-13522039.000000000
1244	-13452457.000000000
1245	-13407018.000000000
1246	-13392643.000000000
1247	-13399039.000000000
1248	-13427125.000000000
1249	-13474294.000000000
1250	-13549550.000000000
1251	-13643336.000000000
1252	-13746108.000000000
1253	-13867459.000000000
1254	-13965601.000000000
1255	-14079060.000000000
1256	-14193615.000000000
1257	-14285048.000000000
1258	-14388293.000000000
1259	-14469708.000000000
1260	-14549295.000000000
1261	-14638059.000000000
1262	-14708364.000000000
1263	-14771506.000000000
1264	-14839051.000000000
1265	-14881186.000000000
1266	-14911307.000000000
1267	-14955497.000000000
1268	-15000281.000000000
1269	-15018442.000000000
1270	-15023450.000000000
1271	-15028866.000000000
1272	-15035695.000000000
1273	-15028406.000000000
1274	-15020531.000000000
1275	-15014583.000000000
1276	-15017048.000000000
1277	-15021677.000000000
1278	-15027353.000000000
1279	-15025168.000000000
1280	-15013696.000000000
1281	-14994920.000000000
1282	-14945991.000000000
1283	-14873136.000000000
1284	-14761682.000000000
1285	-14646524.000000000
1286	-14503186.000000000
1287	-14335707.000000000
1288	-14170628.000000000
1289	-14003135.000000000
1290	-13837424.000000000
1291	-13683011.000000000
1292	-13544429.000000000
1293	-13425757.000000000
1294	-13341801.000000000
1295	-13304562.000000000
1296	-13290945.000000000
1297	-13322159.000000000
1298	-13407471.000000000
1299	-13494705.000000000
1300	-13598686.000000000
1301	-13720289.000000000
1302	-13830964.000000000
1303	-13942521.000000000
1304	-14086874.000000000
1305	-14211434.000000000
1306	-14295939.000000000
1307	-14390799.000000000
1308	-14499575.000000000
1309	-14586543.000000000
1310	-14720796.000000000
1311	-14853001.000000000
1312	-14919517.000000000
1313	-14983334.000000000
1314	-15067537.000000000
1315	-15107236.000000000
1316	-15177272.000000000
1317	-15203306.000000000
1318	-15224217.000000000
1319	-15235365.000000000
1320	-15210947.000000000
1321	-15173444.000000000
1322	-15173278.000000000
1323	NaN
