X	Y
0	-16600748.000000000
1	-16618060.000000000
2	-16630523.000000000
3	-16650120.000000000
4	-16664769.000000000
5	-16667789.000000000
6	-16667403.000000000
7	-16657059.000000000
8	-16648256.000000000
9	-16648770.000000000
10	-16648192.000000000
11	-16647935.000000000
12	-16646264.000000000
13	-16646329.000000000
14	-16647999.000000000
15	-16648642.000000000
16	-16648329.000000000
17	-16650192.000000000
18	-16648586.000000000
19	-16648518.000000000
20	-16646658.000000000
21	-16646594.000000000
22	-16645952.000000000
23	-16645758.000000000
24	-16646273.000000000
25	-16646529.000000000
26	-16647558.000000000
27	-16648457.000000000
28	-16648586.000000000
29	-16649228.000000000
30	-16648971.000000000
31	-16648843.000000000
32	-16647232.000000000
33	-16649156.000000000
34	-16647674.000000000
35	-16649156.000000000
36	-16648192.000000000
37	-16646714.000000000
38	-16647678.000000000
39	-16646200.000000000
40	-16647936.000000000
41	-16648514.000000000
42	-16648449.000000000
43	-16648256.000000000
44	-16648128.000000000
45	-16647357.000000000
46	-16646714.000000000
47	-16646139.000000000
48	-16648706.000000000
49	-16648706.000000000
50	-16648192.000000000
51	-16648963.000000000
52	-16648706.000000000
53	-16650248.000000000
54	-16651019.000000000
55	-16651790.000000000
56	-16651598.000000000
57	-16652626.000000000
58	-16651533.000000000
59	-16650312.000000000
60	-16648642.000000000
61	-16647357.000000000
62	-16648770.000000000
63	-16649220.000000000
64	-16650385.000000000
65	-16648650.000000000
66	-16647879.000000000
67	-16647301.000000000
68	-16646144.000000000
69	-16645180.000000000
70	-16644409.000000000
71	-16644088.000000000
72	-16645116.000000000
73	-16647558.000000000
74	-16648072.000000000
75	-16648907.000000000
76	-16647429.000000000
77	-16646273.000000000
78	-16647301.000000000
79	-16648521.000000000
80	-16650129.000000000
81	-16647876.000000000
82	-16646981.000000000
83	-16646146.000000000
84	-16645632.000000000
85	-16646467.000000000
86	-16647366.000000000
87	-16648201.000000000
88	-16648008.000000000
89	-16649872.000000000
90	-16649487.000000000
91	-16649230.000000000
92	-16648845.000000000
93	-16649101.000000000
94	-16650004.000000000
95	-16650065.000000000
96	-16651156.000000000
97	-16651413.000000000
98	-16649100.000000000
99	-16649357.000000000
100	-16648457.000000000
101	-16648007.000000000
102	-16648907.000000000
103	-16648393.000000000
104	-16646979.000000000
105	-16648843.000000000
106	-16649614.000000000
107	-16649614.000000000
108	-16649228.000000000
109	-16648457.000000000
110	-16649228.000000000
111	-16648586.000000000
112	-16645008.000000000
113	-16648977.000000000
114	-16660526.000000000
115	-16647378.000000000
116	-16631389.000000000
117	-16575742.000000000
118	-16499688.000000000
119	-16416536.000000000
120	-16344724.000000000
121	-16314611.000000000
122	-16252870.000000000
123	-16229351.000000000
124	-16236447.000000000
125	-16265752.000000000
126	-16258262.000000000
127	-16320966.000000000
128	-16408312.000000000
129	-16516000.000000000
130	-16591921.000000000
131	-16630450.000000000
132	-16643362.000000000
133	-16647409.000000000
134	-16661657.000000000
135	-16650079.000000000
136	-16649814.000000000
137	-16646344.000000000
138	-16659364.000000000
139	-16663078.000000000
140	-16665512.000000000
141	-16666090.000000000
142	-16674276.000000000
143	-16674193.000000000
144	-16650992.000000000
145	-16648184.000000000
146	-16648324.000000000
147	-16649030.000000000
148	-16649030.000000000
149	-16648260.000000000
150	-16646907.000000000
151	-16646136.000000000
152	-16648899.000000000
153	-16650634.000000000
154	-16649991.000000000
155	-16648192.000000000
156	-16646007.000000000
157	-16647036.000000000
158	-16649091.000000000
159	-16651148.000000000
160	-16647750.000000000
161	-16646147.000000000
162	-16644991.000000000
163	-16645694.000000000
164	-16645180.000000000
165	-16646530.000000000
166	-16647301.000000000
167	-16647622.000000000
168	-16647686.000000000
169	-16648714.000000000
170	-16648200.000000000
171	-16648007.000000000
172	-16647686.000000000
173	-16648650.000000000
174	-16649164.000000000
175	-16649867.000000000
176	-16646655.000000000
177	-16643574.000000000
178	-16644791.000000000
179	-16645566.000000000
180	-16647750.000000000
181	-16647943.000000000
182	-16646979.000000000
183	-16646915.000000000
184	-16646722.000000000
185	-16647172.000000000
186	-16646465.000000000
187	-16646851.000000000
188	-16646979.000000000
189	-16646915.000000000
190	-16647429.000000000
191	-16647497.000000000
192	-16649485.000000000
193	-16650638.000000000
194	-16650963.000000000
195	-16648971.000000000
196	-16647750.000000000
197	-16646080.000000000
198	-16647879.000000000
199	-16649485.000000000
200	-16649935.000000000
201	-16646658.000000000
202	-16645823.000000000
203	-16647108.000000000
204	-16648907.000000000
205	-16648971.000000000
206	-16648653.000000000
207	-16647365.000000000
208	-16648907.000000000
209	-16648971.000000000
210	-16647943.000000000
211	-16646530.000000000
212	-16644987.000000000
213	-16646401.000000000
214	-16647429.000000000
215	-16648714.000000000
216	-16650128.000000000
217	-16646787.000000000
218	-16647493.000000000
219	-16647108.000000000
220	-16647879.000000000
221	-16648007.000000000
222	-16646979.000000000
223	-16647108.000000000
224	-16642805.000000000
225	-16648394.000000000
226	-16646724.000000000
227	-16647621.000000000
228	-16644409.000000000
229	-16643571.000000000
230	-16645756.000000000
231	-16645175.000000000
232	-16648643.000000000
233	-16645297.000000000
234	-16634887.000000000
235	-16632825.000000000
236	-16643173.000000000
237	-16645808.000000000
238	-16646121.000000000
239	-16648252.000000000
240	-16647809.000000000
241	-16648457.000000000
242	-16649614.000000000
243	-16650256.000000000
244	-16650513.000000000
245	-16649357.000000000
246	-16649228.000000000
247	-16648971.000000000
248	-16649292.000000000
249	-16647879.000000000
250	-16649100.000000000
251	-16647172.000000000
252	-16645245.000000000
253	-16646273.000000000
254	-16648200.000000000
255	-16650128.000000000
256	-16647815.000000000
257	-16645052.000000000
258	-16645566.000000000
259	-16645887.000000000
260	-16646979.000000000
261	-16648329.000000000
262	-16647108.000000000
263	-16647815.000000000
264	-16644152.000000000
265	-16646658.000000000
266	-16647172.000000000
267	-16647686.000000000
268	-16647172.000000000
269	-16647686.000000000
270	-16646144.000000000
271	-16646658.000000000
272	-16645889.000000000
273	-16646797.000000000
274	-16645259.000000000
275	-16645322.000000000
276	-16644870.000000000
277	-16645125.000000000
278	-16645765.000000000
279	-16646277.000000000
280	-16648970.000000000
281	-16648200.000000000
282	-16647810.000000000
283	-16648065.000000000
284	-16647164.000000000
285	-16647162.000000000
286	-16647162.000000000
287	-16647161.000000000
288	-16647484.000000000
289	-16648133.000000000
290	-16648200.000000000
291	-16647043.000000000
292	-16646787.000000000
293	-16648585.000000000
294	-16649742.000000000
295	-16648264.000000000
296	-16646787.000000000
297	-16646465.000000000
298	-16645759.000000000
299	-16645501.000000000
300	-16645502.000000000
301	-16646272.000000000
302	-16646915.000000000
303	-16646401.000000000
304	-16647172.000000000
305	-16647172.000000000
306	-16648197.000000000
307	-16648200.000000000
308	-16647172.000000000
309	-16646658.000000000
310	-16645630.000000000
311	-16647172.000000000
312	-16647622.000000000
313	-16650449.000000000
314	-16649164.000000000
315	-16648457.000000000
316	-16646529.000000000
317	-16646208.000000000
318	-16646722.000000000
319	-16646083.000000000
320	-16646786.000000000
321	-16646658.000000000
322	-16644795.000000000
323	-16645244.000000000
324	-16644409.000000000
325	-16645501.000000000
326	-16647108.000000000
327	-16647686.000000000
328	-16646015.000000000
329	-16649614.000000000
330	-16650256.000000000
331	-16652312.000000000
332	-16652826.000000000
333	-16650770.000000000
334	-16650256.000000000
335	-16648200.000000000
336	-16648843.000000000
337	-16645823.000000000
338	-16645052.000000000
339	-16645501.000000000
340	-16646273.000000000
341	-16646401.000000000
342	-16645951.000000000
343	-16644987.000000000
344	-16645951.000000000
345	-16649549.000000000
346	-16648971.000000000
347	-16649485.000000000
348	-16647429.000000000
349	-16645887.000000000
350	-16646722.000000000
351	-16647493.000000000
352	-16649485.000000000
353	-16648778.000000000
354	-16647493.000000000
355	-16647429.000000000
356	-16646144.000000000
357	-16645630.000000000
358	-16645887.000000000
359	-16645437.000000000
360	-16648071.000000000
361	-16647943.000000000
362	-16645116.000000000
363	-16643574.000000000
364	-16642032.000000000
365	-16644281.000000000
366	-16646015.000000000
367	-16646851.000000000
368	-16646273.000000000
369	-16645695.000000000
370	-16645188.000000000
371	-16646345.000000000
372	-16645959.000000000
373	-16645445.000000000
374	-16643839.000000000
375	-16642747.000000000
376	-16644289.000000000
377	-16645124.000000000
378	-16646023.000000000
379	-16644546.000000000
380	-16644610.000000000
381	-16645702.000000000
382	-16646216.000000000
383	-16647051.000000000
384	-16646024.000000000
385	-16637719.000000000
386	-16637025.000000000
387	-16636129.000000000
388	-16635487.000000000
389	-16635872.000000000
390	-16637606.000000000
391	-16638698.000000000
392	-16636835.000000000
393	-16634844.000000000
394	-16635101.000000000
395	-16635743.000000000
396	-16635358.000000000
397	-16634587.000000000
398	-16633880.000000000
399	-16637525.000000000
400	-16618748.000000000
401	-16602913.000000000
402	-16598617.000000000
403	-16603800.000000000
404	-16606290.000000000
405	-16611333.000000000
406	-16603225.000000000
407	-16590363.000000000
408	-16594443.000000000
409	-16568564.000000000
410	-16530692.000000000
411	-16488839.000000000
412	-16441270.000000000
413	-16395548.000000000
414	-16329013.000000000
415	-16273595.000000000
416	-16102062.000000000
417	-15543201.000000000
418	-14420245.000000000
419	-12194695.000000000
420	-8983054.000000000
421	-5577508.000000000
422	-2780219.750000000
423	-1243566.000000000
424	-715154.812500000
425	-653339.562500000
426	-756258.875000000
427	-1034423.312500000
428	-1597052.250000000
429	-2689971.000000000
430	-4520898.000000000
431	-7009063.000000000
432	-9620488.000000000
433	-11683871.000000000
434	-13115605.000000000
435	-14066485.000000000
436	-14827352.000000000
437	-15385750.000000000
438	-15657880.000000000
439	-15822198.000000000
440	-15935933.000000000
441	-16002867.000000000
442	-16123084.000000000
443	-16198899.000000000
444	-16257303.000000000
445	-16266431.000000000
446	-16261414.000000000
447	-16278213.000000000
448	-16354446.000000000
449	-16408558.000000000
450	-16438803.000000000
451	-16449966.000000000
452	-16462162.000000000
453	-16478307.000000000
454	-16499800.000000000
455	-16509683.000000000
456	-16509678.000000000
457	-16515087.000000000
458	-16521491.000000000
459	-16531294.000000000
460	-16540854.000000000
461	-16546508.000000000
462	-16552812.000000000
463	-16557054.000000000
464	-16561943.000000000
465	-16574879.000000000
466	-16582120.000000000
467	-16589372.000000000
468	-16592070.000000000
469	-16589436.000000000
470	-16588152.000000000
471	-16585072.000000000
472	-16585907.000000000
473	-16588284.000000000
474	-16592139.000000000
475	-16593621.000000000
476	-16593107.000000000
477	-16590730.000000000
478	-16587517.000000000
479	-16587967.000000000
480	-16603481.000000000
481	-16611757.000000000
482	-16610857.000000000
483	-16611498.000000000
484	-16611371.000000000
485	-16612913.000000000
486	-16613234.000000000
487	-16615226.000000000
488	-16617216.000000000
489	-16615802.000000000
490	-16614709.000000000
491	-16611562.000000000
492	-16611176.000000000
493	-16611754.000000000
494	-16613744.000000000
495	-16615095.000000000
496	-16614131.000000000
497	-16611383.000000000
498	-16613061.000000000
499	-16613512.000000000
500	-16614477.000000000
501	-16614220.000000000
502	-16611210.000000000
503	-16609415.000000000
504	-16609158.000000000
505	-16608840.000000000
506	-16605763.000000000
507	-16606088.000000000
508	-16605000.000000000
509	-16606221.000000000
510	-16607322.000000000
511	-16608988.000000000
512	-16612188.000000000
513	-16615291.000000000
514	-16618428.000000000
515	-16614766.000000000
516	-16614316.000000000
517	-16615922.000000000
518	-16617015.000000000
519	-16621063.000000000
520	-16617721.000000000
521	-16618814.000000000
522	-16617079.000000000
523	-16617079.000000000
524	-16616822.000000000
525	-16616950.000000000
526	-16618043.000000000
527	-16616436.000000000
528	-16621351.000000000
529	-16625206.000000000
530	-16625207.000000000
531	-16626491.000000000
532	-16624693.000000000
533	-16622122.000000000
534	-16622380.000000000
535	-16622122.000000000
536	-16623793.000000000
537	-16624821.000000000
538	-16625014.000000000
539	-16624692.000000000
540	-16622894.000000000
541	-16623086.000000000
542	-16622637.000000000
543	-16623150.000000000
544	-16627110.000000000
545	-16628661.000000000
546	-16629497.000000000
547	-16629240.000000000
548	-16628790.000000000
549	-16629303.000000000
550	-16630781.000000000
551	-16631038.000000000
552	-16630266.000000000
553	-16628273.000000000
554	-16627245.000000000
555	-16628401.000000000
556	-16628208.000000000
557	-16629814.000000000
558	-16629621.000000000
559	-16629814.000000000
560	-16624714.000000000
561	-16609995.000000000
562	-16603666.000000000
563	-16605635.000000000
564	-16611781.000000000
565	-16620668.000000000
566	-16619576.000000000
567	-16618547.000000000
568	-16617669.000000000
569	-16615969.000000000
570	-16603553.000000000
571	-16575325.000000000
572	-16552712.000000000
573	-16523203.000000000
574	-16494553.000000000
575	-16459770.000000000
576	-16353353.000000000
577	-16175074.000000000
578	-15667071.000000000
579	-14479290.000000000
580	-12487380.000000000
581	-9861619.000000000
582	-7120442.000000000
583	-5009497.500000000
584	-3605785.000000000
585	-2927849.250000000
586	-2726295.500000000
587	-2951074.000000000
588	-3656159.250000000
589	-4937950.500000000
590	-6739270.500000000
591	-8837534.000000000
592	-10898587.000000000
593	-12451977.000000000
594	-13491442.000000000
595	-14243330.000000000
596	-14925759.000000000
597	-15467529.000000000
598	-15852269.000000000
599	-16066938.000000000
600	-16196112.000000000
601	-16210999.000000000
602	-16174491.000000000
603	-16187911.000000000
604	-16239372.000000000
605	-16302434.000000000
606	-16401253.000000000
607	-16458453.000000000
608	-16476925.000000000
609	-16483908.000000000
610	-16489386.000000000
611	-16496196.000000000
612	-16497286.000000000
613	-16507645.000000000
614	-16518850.000000000
615	-16521813.000000000
616	-16524703.000000000
617	-16532001.000000000
618	-16539813.000000000
619	-16554288.000000000
620	-16565619.000000000
621	-16569088.000000000
622	-16571658.000000000
623	-16573586.000000000
624	-16591788.000000000
625	-16602986.000000000
626	-16606775.000000000
627	-16609473.000000000
628	-16612300.000000000
629	-16612685.000000000
630	-16611786.000000000
631	-16611593.000000000
632	-16611208.000000000
633	-16609730.000000000
634	-16611015.000000000
635	-16609794.000000000
636	-16610565.000000000
637	-16611208.000000000
638	-16609730.000000000
639	-16610308.000000000
640	-16617373.000000000
641	-16629418.000000000
642	-16628523.000000000
643	-16629294.000000000
644	-16629872.000000000
645	-16630322.000000000
646	-16630707.000000000
647	-16630515.000000000
648	-16632827.000000000
649	-16633599.000000000
650	-16630643.000000000
651	-16631029.000000000
652	-16628973.000000000
653	-16629615.000000000
654	-16632057.000000000
655	-16631672.000000000
656	-16632892.000000000
657	-16633509.000000000
658	-16637406.000000000
659	-16638177.000000000
660	-16638305.000000000
661	-16639076.000000000
662	-16639719.000000000
663	-16639718.000000000
664	-16639717.000000000
665	-16638627.000000000
666	-16638241.000000000
667	-16637791.000000000
668	-16636571.000000000
669	-16637277.000000000
670	-16637149.000000000
671	-16637149.000000000
672	-16634707.000000000
673	-16642571.000000000
674	-16641799.000000000
675	-16642249.000000000
676	-16639357.000000000
677	-16639101.000000000
678	-16639550.000000000
679	-16639358.000000000
680	-16642891.000000000
681	-16642506.000000000
682	-16641542.000000000
683	-16642442.000000000
684	-16641927.000000000
685	-16642570.000000000
686	-16643277.000000000
687	-16643277.000000000
688	-16643212.000000000
689	-16644286.000000000
690	-16644924.000000000
691	-16644986.000000000
692	-16645759.000000000
693	-16642415.000000000
694	-16641389.000000000
695	-16648649.000000000
696	-16644923.000000000
697	-16646592.000000000
698	-16645887.000000000
699	-16646463.000000000
700	-16644923.000000000
701	-16645178.000000000
702	-16645437.000000000
703	-16645307.000000000
704	-16645116.000000000
705	-16645116.000000000
706	-16645437.000000000
707	-16646530.000000000
708	-16646594.000000000
709	-16646530.000000000
710	-16645951.000000000
711	-16644987.000000000
712	-16645694.000000000
713	-16647044.000000000
714	-16646144.000000000
715	-16645630.000000000
716	-16644602.000000000
717	-16645116.000000000
718	-16646144.000000000
719	-16646658.000000000
720	-16647750.000000000
721	-16648136.000000000
722	-16647558.000000000
723	-16646337.000000000
724	-16644731.000000000
725	-16644537.000000000
726	-16643831.000000000
727	-16644280.000000000
728	-16647108.000000000
729	-16648200.000000000
730	-16648008.000000000
731	-16648907.000000000
732	-16650256.000000000
733	-16650256.000000000
734	-16649421.000000000
735	-16647493.000000000
736	-16645119.000000000
737	-16646661.000000000
738	-16645630.000000000
739	-16645566.000000000
740	-16644538.000000000
741	-16645630.000000000
742	-16646658.000000000
743	-16647172.000000000
744	-16649549.000000000
745	-16646016.000000000
746	-16645887.000000000
747	-16644409.000000000
748	-16645630.000000000
749	-16647493.000000000
750	-16648389.000000000
751	-16649931.000000000
752	-16648072.000000000
753	-16648072.000000000
754	-16648457.000000000
755	-16648457.000000000
756	-16648843.000000000
757	-16648843.000000000
758	-16647301.000000000
759	-16644731.000000000
760	-16642032.000000000
761	-16646851.000000000
762	-16648072.000000000
763	-16647365.000000000
764	-16646851.000000000
765	-16647236.000000000
766	-16646915.000000000
767	-16648007.000000000
768	-16646594.000000000
769	-16645823.000000000
770	-16647365.000000000
771	-16647622.000000000
772	-16648971.000000000
773	-16648778.000000000
774	-16647815.000000000
775	-16647686.000000000
776	-16646273.000000000
777	-16646337.000000000
778	-16646016.000000000
779	-16646594.000000000
780	-16648329.000000000
781	-16648842.000000000
782	-16647172.000000000
783	-16645566.000000000
784	-16643960.000000000
785	-16646208.000000000
786	-16646273.000000000
787	-16647943.000000000
788	-16648843.000000000
789	-16649485.000000000
790	-16648843.000000000
791	-16647815.000000000
792	-16647815.000000000
793	-16648650.000000000
794	-16649100.000000000
795	-16649549.000000000
796	-16649228.000000000
797	-16650192.000000000
798	-16650577.000000000
799	-16650899.000000000
800	-16650704.000000000
801	-16649741.000000000
802	-16648714.000000000
803	-16648009.000000000
804	-16647238.000000000
805	-16647624.000000000
806	-16647883.000000000
807	-16648204.000000000
808	-16649296.000000000
809	-16651159.000000000
810	-16650837.000000000
811	-16651864.000000000
812	-16651735.000000000
813	-16651091.000000000
814	-16651347.000000000
815	-16650897.000000000
816	-16649292.000000000
817	-16647165.000000000
818	-16647169.000000000
819	-16647172.000000000
820	-16646658.000000000
821	-16646658.000000000
822	-16647175.000000000
823	-16647175.000000000
824	-16649103.000000000
825	-16650838.000000000
826	-16650192.000000000
827	-16649742.000000000
828	-16649228.000000000
829	-16648650.000000000
830	-16648264.000000000
831	-16648136.000000000
832	-16648200.000000000
833	-16645758.000000000
834	-16647429.000000000
835	-16647557.000000000
836	-16648843.000000000
837	-16648971.000000000
838	-16648072.000000000
839	-16648071.000000000
840	-16647558.000000000
841	-16648971.000000000
842	-16648136.000000000
843	-16646465.000000000
844	-16646144.000000000
845	-16646401.000000000
846	-16646209.000000000
847	-16647236.000000000
848	-16646979.000000000
849	-16648907.000000000
850	-16647494.000000000
851	-16645823.000000000
852	-16644281.000000000
853	-16646465.000000000
854	-16646337.000000000
855	-16646979.000000000
856	-16646080.000000000
857	-16645630.000000000
858	-16646144.000000000
859	-16646722.000000000
860	-16647686.000000000
861	-16647236.000000000
862	-16647172.000000000
863	-16646658.000000000
864	-16645823.000000000
865	-16647815.000000000
866	-16649100.000000000
867	-16647622.000000000
868	-16647686.000000000
869	-16646208.000000000
870	-16645309.000000000
871	-16646208.000000000
872	-16647943.000000000
873	-16648200.000000000
874	-16647301.000000000
875	-16645759.000000000
876	-16645245.000000000
877	-16644988.000000000
878	-16645245.000000000
879	-16646016.000000000
880	-16646401.000000000
881	-16645374.000000000
882	-16648137.000000000
883	-16648330.000000000
884	-16650771.000000000
885	-16649293.000000000
886	-16647430.000000000
887	-16646210.000000000
888	-16643640.000000000
889	-16646210.000000000
890	-16647174.000000000
891	-16648716.000000000
892	-16649487.000000000
893	-16648716.000000000
894	-16648009.000000000
895	-16646467.000000000
896	-16643961.000000000
897	-16642932.000000000
898	-16645052.000000000
899	-16647429.000000000
900	-16648328.000000000
901	-16646337.000000000
902	-16645887.000000000
903	-16646208.000000000
904	-16647879.000000000
905	-16648200.000000000
906	-16648200.000000000
907	-16649232.000000000
908	-16649231.000000000
909	-16649232.000000000
910	-16649232.000000000
911	-16648718.000000000
912	-16649104.000000000
913	-16646722.000000000
914	-16647365.000000000
915	-16646787.000000000
916	-16648200.000000000
917	-16648650.000000000
918	-16649035.000000000
919	-16649806.000000000
920	-16648457.000000000
921	-16648971.000000000
922	-16647493.000000000
923	-16647365.000000000
924	-16646337.000000000
925	-16646465.000000000
926	-16647943.000000000
927	-16647943.000000000
928	-16650706.000000000
929	-16650128.000000000
930	-16649421.000000000
931	-16648521.000000000
932	-16647686.000000000
933	-16647943.000000000
934	-16648714.000000000
935	-16649742.000000000
936	-16650063.000000000
937	-16650192.000000000
938	-16650449.000000000
939	-16649100.000000000
940	-16648072.000000000
941	-16648778.000000000
942	-16646080.000000000
943	-16647172.000000000
944	-16644666.000000000
945	-16646979.000000000
946	-16645245.000000000
947	-16646015.000000000
948	-16645694.000000000
949	-16645694.000000000
950	-16647044.000000000
951	-16646144.000000000
952	-16647622.000000000
953	-16646208.000000000
954	-16647815.000000000
955	-16647236.000000000
956	-16647686.000000000
957	-16648328.000000000
958	-16646915.000000000
959	-16646272.000000000
960	-16646465.000000000
961	-16645746.000000000
962	-16646532.000000000
963	-16643648.000000000
964	-16642620.000000000
965	-16645511.000000000
966	-16645768.000000000
967	-16648659.000000000
968	-16644419.000000000
969	-16645575.000000000
970	-16648274.000000000
971	-16652129.000000000
972	-16650972.000000000
973	-16649109.000000000
974	-16644368.000000000
975	-16633846.000000000
976	-16590999.000000000
977	-16594998.000000000
978	-16567648.000000000
979	-16505925.000000000
980	-16471427.000000000
981	-16415500.000000000
982	-16145878.000000000
983	-15503434.000000000
984	-14331093.000000000
985	-12558724.000000000
986	-10481906.000000000
987	-8382709.500000000
988	-6818109.000000000
989	-5854180.500000000
990	-5296475.000000000
991	-5191775.000000000
992	-5550664.000000000
993	-6489555.500000000
994	-7792371.500000000
995	-9304648.000000000
996	-10815821.000000000
997	-12205128.000000000
998	-13373308.000000000
999	-14209327.000000000
1000	-14832760.000000000
1001	-15238928.000000000
1002	-15536588.000000000
1003	-15831711.000000000
1004	-16039726.000000000
1005	-16197536.000000000
1006	-16271099.000000000
1007	-16275260.000000000
1008	-16321656.000000000
1009	-16407302.000000000
1010	-16447694.000000000
1011	-16462713.000000000
1012	-16472474.000000000
1013	-16493171.000000000
1014	-16511321.000000000
1015	-16513506.000000000
1016	-16507335.000000000
1017	-16511150.000000000
1018	-16522216.000000000
1019	-16535469.000000000
1020	-16544187.000000000
1021	-16544123.000000000
1022	-16547271.000000000
1023	-16549841.000000000
1024	-16575596.000000000
1025	-16590781.000000000
1026	-16600380.000000000
1027	-16599805.000000000
1028	-16599548.000000000
1029	-16601155.000000000
1030	-16603982.000000000
1031	-16604437.000000000
1032	-16600709.000000000
1033	-16603087.000000000
1034	-16605784.000000000
1035	-16608676.000000000
1036	-16608162.000000000
1037	-16606170.000000000
1038	-16605849.000000000
1039	-16604303.000000000
1040	-16613708.000000000
1041	-16623515.000000000
1042	-16622045.000000000
1043	-16620183.000000000
1044	-16618254.000000000
1045	-16618192.000000000
1046	-16618514.000000000
1047	-16617809.000000000
1048	-16619029.000000000
1049	-16622884.000000000
1050	-16621149.000000000
1051	-16619158.000000000
1052	-16617356.000000000
1053	-16619156.000000000
1054	-16620889.000000000
1055	-16623009.000000000
1056	-16628831.000000000
1057	-16639223.000000000
1058	-16641128.000000000
1059	-16639523.000000000
1060	-16638558.000000000
1061	-16637402.000000000
1062	-16635988.000000000
1063	-16635539.000000000
1064	-16634382.000000000
1065	-16636374.000000000
1066	-16636887.000000000
1067	-16638430.000000000
1068	-16639072.000000000
1069	-16637724.000000000
1070	-16638493.000000000
1071	-16636696.000000000
1072	-16635334.000000000
1073	-16640441.000000000
1074	-16644478.000000000
1075	-16645574.000000000
1076	-16645253.000000000
1077	-16645188.000000000
1078	-16645895.000000000
1079	-16645702.000000000
1080	-16643710.000000000
1081	-16644417.000000000
1082	-16644546.000000000
1083	-16645381.000000000
1084	-16644995.000000000
1085	-16644417.000000000
1086	-16644549.000000000
1087	-16643971.000000000
1088	-16646345.000000000
1089	-16646666.000000000
1090	-16645960.000000000
1091	-16644738.000000000
1092	-16643518.000000000
1093	-16644289.000000000
1094	-16644161.000000000
1095	-16644995.000000000
1096	-16643839.000000000
1097	-16644224.000000000
1098	-16644353.000000000
1099	-16643325.000000000
1100	-16644161.000000000
1101	-16645574.000000000
1102	-16645060.000000000
1103	-16643004.000000000
1104	-16645381.000000000
1105	-16648457.000000000
1106	-16648971.000000000
1107	-16649678.000000000
1108	-16649164.000000000
1109	-16647943.000000000
1110	-16647750.000000000
1111	-16648200.000000000
1112	-16650963.000000000
1113	-16647301.000000000
1114	-16648521.000000000
1115	-16646658.000000000
1116	-16648200.000000000
1117	-16650063.000000000
1118	-16649871.000000000
1119	-16651670.000000000
1120	-16646597.000000000
1121	-16646661.000000000
1122	-16646979.000000000
1123	-16647750.000000000
1124	-16648136.000000000
1125	-16646851.000000000
1126	-16645116.000000000
1127	-16644088.000000000
1128	-16646594.000000000
1129	-16647815.000000000
1130	-16647108.000000000
1131	-16646273.000000000
1132	-16645116.000000000
1133	-16645630.000000000
1134	-16646076.000000000
1135	-16647166.000000000
1136	-16647293.000000000
1137	-16647549.000000000
1138	-16646905.000000000
1139	-16648124.000000000
1140	-16648381.000000000
1141	-16649926.000000000
1142	-16651730.000000000
1143	-16652053.000000000
1144	-16650960.000000000
1145	-16646405.000000000
1146	-16643838.000000000
1147	-16644351.000000000
1148	-16647241.000000000
1149	-16650575.000000000
1150	-16650963.000000000
1151	-16651153.000000000
1152	-16647944.000000000
1153	-16646337.000000000
1154	-16646015.000000000
1155	-16646015.000000000
1156	-16645887.000000000
1157	-16648200.000000000
1158	-16649228.000000000
1159	-16650577.000000000
1160	-16646851.000000000
1161	-16644923.000000000
1162	-16646401.000000000
1163	-16647686.000000000
1164	-16648714.000000000
1165	-16648457.000000000
1166	-16646979.000000000
1167	-16646208.000000000
1168	-16647622.000000000
1169	-16650256.000000000
1170	-16649935.000000000
1171	-16648968.000000000
1172	-16648843.000000000
1173	-16649357.000000000
1174	-16649549.000000000
1175	-16650385.000000000
1176	-16650577.000000000
1177	-16646337.000000000
1178	-16647622.000000000
1179	-16646979.000000000
1180	-16648136.000000000
1181	-16649164.000000000
1182	-16647622.000000000
1183	-16648586.000000000
1184	-16647690.000000000
1185	-16651220.000000000
1186	-16650770.000000000
1187	-16651927.000000000
1188	-16652312.000000000
1189	-16653212.000000000
1190	-16652312.000000000
1191	-16651670.000000000
1192	-16649678.000000000
1193	-16650770.000000000
1194	-16650899.000000000
1195	-16650642.000000000
1196	-16651413.000000000
1197	-16651413.000000000
1198	-16651670.000000000
1199	-16651990.000000000
1200	-16657066.000000000
1201	-16653340.000000000
1202	-16653658.000000000
1203	-16653018.000000000
1204	-16651413.000000000
1205	-16651156.000000000
1206	-16650578.000000000
1207	-16654561.000000000
1208	-16652956.000000000
1209	-16650899.000000000
1210	-16649936.000000000
1211	-16649357.000000000
1212	-16649679.000000000
1213	-16650642.000000000
1214	-16650193.000000000
1215	-16657471.000000000
1216	-16673498.000000000
1217	-16662852.000000000
1218	-16659961.000000000
1219	-16668474.000000000
1220	-16658187.000000000
1221	-16635385.000000000
1222	-16638340.000000000
1223	-16642110.000000000
1224	-16666851.000000000
1225	-16691600.000000000
1226	-16669553.000000000
1227	-16609675.000000000
1228	-16581220.000000000
1229	-16462500.000000000
1230	-16305064.000000000
1231	-15958030.000000000
1232	-15363185.000000000
1233	-14703226.000000000
1234	-14205800.000000000
1235	-13842122.000000000
1236	-13587235.000000000
1237	-13435242.000000000
1238	-13395828.000000000
1239	-13532782.000000000
1240	-13822957.000000000
1241	-14237502.000000000
1242	-14701125.000000000
1243	-15158819.000000000
1244	-15530788.000000000
1245	-15793208.000000000
1246	-15986033.000000000
1247	-16142769.000000000
1248	-16328649.000000000
1249	-16443459.000000000
1250	-16505891.000000000
1251	-16536594.000000000
1252	-16550271.000000000
1253	-16561725.000000000
1254	-16577339.000000000
1255	-16586725.000000000
1256	-16587556.000000000
1257	-16595556.000000000
1258	-16602255.000000000
1259	-16616893.000000000
1260	-16623982.000000000
1261	-16624110.000000000
1262	-16626866.000000000
1263	-16627633.000000000
1264	-16635190.000000000
1265	-16647899.000000000
1266	-16649226.000000000
1267	-16642550.000000000
1268	-16636129.000000000
1269	-16635559.000000000
1270	-16635433.000000000
1271	-16636534.000000000
1272	-16635828.000000000
1273	-16631973.000000000
1274	-16631265.000000000
1275	-16632543.000000000
1276	-16636200.000000000
1277	-16635422.000000000
1278	-16634069.000000000
1279	-16632328.000000000
1280	-16631568.000000000
1281	-16628652.000000000
1282	NaN
