X	Y
0	-16444738.000000000
1	-16479533.000000000
2	-16496403.000000000
3	-16496049.000000000
4	-16499643.000000000
5	-16495903.000000000
6	-16493831.000000000
7	-16495573.000000000
8	-16515187.000000000
9	-16506791.000000000
10	-16491211.000000000
11	-16480545.000000000
12	-16473588.000000000
13	-16481740.000000000
14	-16490383.000000000
15	-16501328.000000000
16	-16519276.000000000
17	-16516146.000000000
18	-16517843.000000000
19	-16523401.000000000
20	-16521738.000000000
21	-16515675.000000000
22	-16502571.000000000
23	-16503348.000000000
24	-16520360.000000000
25	-16522790.000000000
26	-16520277.000000000
27	-16509432.000000000
28	-16506884.000000000
29	-16508450.000000000
30	-16506787.000000000
31	-16499241.000000000
32	-16492673.000000000
33	-16488893.000000000
34	-16510005.000000000
35	-16509798.000000000
36	-16508316.000000000
37	-16503677.000000000
38	-16505017.000000000
39	-16504895.000000000
40	-16503034.000000000
41	-16505536.000000000
42	-16517614.000000000
43	-16517235.000000000
44	-16518715.000000000
45	-16519212.000000000
46	-16508351.000000000
47	-16506926.000000000
48	-16497720.000000000
49	-16507401.000000000
50	-16504013.000000000
51	-16507064.000000000
52	-16505309.000000000
53	-16507032.000000000
54	-16507514.000000000
55	-16511423.000000000
56	-16521219.000000000
57	-16507473.000000000
58	-16499514.000000000
59	-16502324.000000000
60	-16503739.000000000
61	-16490127.000000000
62	-16493641.000000000
63	-16504242.000000000
64	-16500354.000000000
65	-16492229.000000000
66	-16499567.000000000
67	-16488689.000000000
68	-16479227.000000000
69	-16469652.000000000
70	-16460006.000000000
71	-16446272.000000000
72	-16438995.000000000
73	-16462123.000000000
74	-16468162.000000000
75	-16481380.000000000
76	-16477384.000000000
77	-16477197.000000000
78	-16487365.000000000
79	-16484286.000000000
80	-16492155.000000000
81	-16480580.000000000
82	-16481465.000000000
83	-16496060.000000000
84	-16500773.000000000
85	-16499662.000000000
86	-16494600.000000000
87	-16490557.000000000
88	-16493785.000000000
89	-16487693.000000000
90	-16485607.000000000
91	-16489348.000000000
92	-16476635.000000000
93	-16468032.000000000
94	-16466689.000000000
95	-16474201.000000000
96	-16472565.000000000
97	-16450924.000000000
98	-16437070.000000000
99	-16432321.000000000
100	-16430390.000000000
101	-16443616.000000000
102	-16442377.000000000
103	-16443442.000000000
104	-16459540.000000000
105	-16464422.000000000
106	-16457806.000000000
107	-16457996.000000000
108	-16446279.000000000
109	-16431710.000000000
110	-16425560.000000000
111	-16429880.000000000
112	-16406442.000000000
113	-16383766.000000000
114	-16386094.000000000
115	-16357573.000000000
116	-16210227.000000000
117	-15885094.000000000
118	-15334459.000000000
119	-14509760.000000000
120	-13472949.000000000
121	-12447445.000000000
122	-11608665.000000000
123	-11033432.000000000
124	-10771021.000000000
125	-10765256.000000000
126	-10987474.000000000
127	-11429999.000000000
128	-12037797.000000000
129	-12777579.000000000
130	-13568011.000000000
131	-14323823.000000000
132	-14959120.000000000
133	-15447883.000000000
134	-15810743.000000000
135	-16045409.000000000
136	-16168852.000000000
137	-16245943.000000000
138	-16244463.000000000
139	-16236607.000000000
140	-16246718.000000000
141	-16297971.000000000
142	-16347141.000000000
143	-16363410.000000000
144	-16395005.000000000
145	-16399796.000000000
146	-16404364.000000000
147	-16394486.000000000
148	-16408914.000000000
149	-16421644.000000000
150	-16418474.000000000
151	-16417513.000000000
152	-16438010.000000000
153	-16434790.000000000
154	-16447930.000000000
155	-16453639.000000000
156	-16467250.000000000
157	-16462886.000000000
158	-16445154.000000000
159	-16430520.000000000
160	-16439843.000000000
161	-16438299.000000000
162	-16446752.000000000
163	-16459952.000000000
164	-16451604.000000000
165	-16458678.000000000
166	-16470507.000000000
167	-16471328.000000000
168	-16453143.000000000
169	-16460176.000000000
170	-16458570.000000000
171	-16459472.000000000
172	-16465421.000000000
173	-16461241.000000000
174	-16458115.000000000
175	-16465803.000000000
176	-16453845.000000000
177	-16451882.000000000
178	-16458721.000000000
179	-16453388.000000000
180	-16453160.000000000
181	-16466905.000000000
182	-16474244.000000000
183	-16471415.000000000
184	-16464412.000000000
185	-16458417.000000000
186	-16461402.000000000
187	-16473088.000000000
188	-16480111.000000000
189	-16486897.000000000
190	-16480113.000000000
191	-16475200.000000000
192	-16466715.000000000
193	-16484447.000000000
194	-16478720.000000000
195	-16461706.000000000
196	-16460977.000000000
197	-16463021.000000000
198	-16461462.000000000
199	-16451161.000000000
200	-16446065.000000000
201	-16436896.000000000
202	-16440832.000000000
203	-16445375.000000000
204	-16459034.000000000
205	-16452164.000000000
206	-16444304.000000000
207	-16429770.000000000
208	-16430711.000000000
209	-16434475.000000000
210	-16434442.000000000
211	-16434910.000000000
212	-16441436.000000000
213	-16443674.000000000
214	-16448045.000000000
215	-16452015.000000000
216	-16450190.000000000
217	-16452199.000000000
218	-16450492.000000000
219	-16432006.000000000
220	-16442354.000000000
221	-16444469.000000000
222	-16424153.000000000
223	-16422159.000000000
224	-16425601.000000000
225	-16439492.000000000
226	-16433448.000000000
227	-16424525.000000000
228	-16437232.000000000
229	-16439373.000000000
230	-16434823.000000000
231	-16419205.000000000
232	-16420535.000000000
233	-16428990.000000000
234	-16420542.000000000
235	-16378010.000000000
236	-16372565.000000000
237	-16396227.000000000
238	-16408380.000000000
239	-16410547.000000000
240	-16378339.000000000
241	-16383166.000000000
242	-16390830.000000000
243	-16391978.000000000
244	-16397779.000000000
245	-16400256.000000000
246	-16418640.000000000
247	-16411754.000000000
248	-16398858.000000000
249	-16392214.000000000
250	-16390743.000000000
251	-16387990.000000000
252	-16377740.000000000
253	-16358550.000000000
254	-16363131.000000000
255	-16389473.000000000
256	-16398664.000000000
257	-16389659.000000000
258	-16384987.000000000
259	-16386221.000000000
260	-16380862.000000000
261	-16383603.000000000
262	-16390671.000000000
263	-16389442.000000000
264	-16378258.000000000
265	-16370633.000000000
266	-16386340.000000000
267	-16382059.000000000
268	-16385217.000000000
269	-16378439.000000000
270	-16369763.000000000
271	-16352122.000000000
272	-16357124.000000000
273	-16372770.000000000
274	-16383297.000000000
275	-16391309.000000000
276	-16394694.000000000
277	-16398159.000000000
278	-16391068.000000000
279	-16387656.000000000
280	-16394263.000000000
281	-16411331.000000000
282	-16400093.000000000
283	-16379647.000000000
284	-16386203.000000000
285	-16395056.000000000
286	-16399613.000000000
287	-16407753.000000000
288	-16412830.000000000
289	-16411084.000000000
290	-16402546.000000000
291	-16415914.000000000
292	-16407122.000000000
293	-16406210.000000000
294	-16410092.000000000
295	-16412837.000000000
296	-16397052.000000000
297	-16398703.000000000
298	-16406272.000000000
299	-16421941.000000000
300	-16409876.000000000
301	-16405177.000000000
302	-16401735.000000000
303	-16403865.000000000
304	-16428954.000000000
305	-16431526.000000000
306	-16424027.000000000
307	-16435557.000000000
308	-16439104.000000000
309	-16438383.000000000
310	-16428310.000000000
311	-16411926.000000000
312	-16408981.000000000
313	-16414302.000000000
314	-16409687.000000000
315	-16411085.000000000
316	-16413036.000000000
317	-16412411.000000000
318	-16402136.000000000
319	-16407776.000000000
320	-16406625.000000000
321	-16415961.000000000
322	-16415969.000000000
323	-16405616.000000000
324	-16396964.000000000
325	-16401792.000000000
326	-16405287.000000000
327	-16416215.000000000
328	-16417273.000000000
329	-16413807.000000000
330	-16419966.000000000
331	-16422974.000000000
332	-16429478.000000000
333	-16425857.000000000
334	-16411378.000000000
335	-16408995.000000000
336	-16422354.000000000
337	-16410764.000000000
338	-16408385.000000000
339	-16405575.000000000
340	-16399200.000000000
341	-16398616.000000000
342	-16391294.000000000
343	-16390971.000000000
344	-16400162.000000000
345	-16410961.000000000
346	-16404087.000000000
347	-16403464.000000000
348	-16406391.000000000
349	-16394193.000000000
350	-16387273.000000000
351	-16389917.000000000
352	-16377182.000000000
353	-16368690.000000000
354	-16361608.000000000
355	-16352885.000000000
356	-16350093.000000000
357	-16342182.000000000
358	-16339431.000000000
359	-16338239.000000000
360	-16335759.000000000
361	-16303207.000000000
362	-16280498.000000000
363	-16274974.000000000
364	-16266955.000000000
365	-16266602.000000000
366	-16254997.000000000
367	-16254055.000000000
368	-16246100.000000000
369	-16252778.000000000
370	-16268600.000000000
371	-16267980.000000000
372	-16260811.000000000
373	-16258048.000000000
374	-16228731.000000000
375	-16210045.000000000
376	-16198727.000000000
377	-16174014.000000000
378	-16144710.000000000
379	-16130309.000000000
380	-16103778.000000000
381	-16092059.000000000
382	-16089294.000000000
383	-16085711.000000000
384	-16089579.000000000
385	-16096969.000000000
386	-16094171.000000000
387	-16082792.000000000
388	-16067998.000000000
389	-16058624.000000000
390	-16042506.000000000
391	-16026025.000000000
392	-16010698.000000000
393	-15988587.000000000
394	-15967256.000000000
395	-15973615.000000000
396	-15975068.000000000
397	-15960152.000000000
398	-15935865.000000000
399	-15907048.000000000
400	-15863573.000000000
401	-15852444.000000000
402	-15806324.000000000
403	-15765889.000000000
404	-15678601.000000000
405	-15636939.000000000
406	-15589008.000000000
407	-15531308.000000000
408	-15421181.000000000
409	-15292216.000000000
410	-15092208.000000000
411	-14857477.000000000
412	-14522674.000000000
413	-14074894.000000000
414	-13499703.000000000
415	-12854039.000000000
416	-12059881.000000000
417	-11078145.000000000
418	-9421999.000000000
419	-6928495.000000000
420	-4064826.250000000
421	-1493490.500000000
422	-255307.078125000
423	-46383.789062500
424	-102043.968750000
425	-130386.953125000
426	-143417.046875000
427	-142358.937500000
428	-116820.421875000
429	-92748.257812500
430	-97650.898437500
431	-47707.570312500
432	-58860.683593750
433	-130296.421875000
434	-466141.250000000
435	-1113804.875000000
436	-1839261.250000000
437	-2914577.000000000
438	-4375077.000000000
439	-5791500.000000000
440	-6906758.500000000
441	-7894144.500000000
442	-8692044.000000000
443	-9459769.000000000
444	-10095246.000000000
445	-10563855.000000000
446	-10969781.000000000
447	-11379477.000000000
448	-11756372.000000000
449	-12091540.000000000
450	-12402336.000000000
451	-12646899.000000000
452	-12840697.000000000
453	-13050382.000000000
454	-13274432.000000000
455	-13486257.000000000
456	-13705652.000000000
457	-13923429.000000000
458	-14104872.000000000
459	-14279722.000000000
460	-14423106.000000000
461	-14540650.000000000
462	-14645001.000000000
463	-14734925.000000000
464	-14789174.000000000
465	-14859476.000000000
466	-14918342.000000000
467	-14998433.000000000
468	-15044650.000000000
469	-15076945.000000000
470	-15119046.000000000
471	-15162035.000000000
472	-15193347.000000000
473	-15242478.000000000
474	-15283679.000000000
475	-15296273.000000000
476	-15337052.000000000
477	-15374410.000000000
478	-15409277.000000000
479	-15430323.000000000
480	-15427737.000000000
481	-15453712.000000000
482	-15481550.000000000
483	-15494291.000000000
484	-15508469.000000000
485	-15529031.000000000
486	-15541160.000000000
487	-15551662.000000000
488	-15565359.000000000
489	-15586626.000000000
490	-15590936.000000000
491	-15595606.000000000
492	-15602567.000000000
493	-15602615.000000000
494	-15606227.000000000
495	-15619033.000000000
496	-15615556.000000000
497	-15605623.000000000
498	-15610210.000000000
499	-15597177.000000000
500	-15580356.000000000
501	-15556204.000000000
502	-15550107.000000000
503	-15553361.000000000
504	-15550502.000000000
505	-15542342.000000000
506	-15547306.000000000
507	-15532562.000000000
508	-15530237.000000000
509	-15536237.000000000
510	-15550016.000000000
511	-15562989.000000000
512	-15564328.000000000
513	-15583757.000000000
514	-15618777.000000000
515	-15638123.000000000
516	-15644644.000000000
517	-15642988.000000000
518	-15625907.000000000
519	-15635816.000000000
520	-15643439.000000000
521	-15652963.000000000
522	-15643449.000000000
523	-15645195.000000000
524	-15656393.000000000
525	-15679076.000000000
526	-15708808.000000000
527	-15734610.000000000
528	-15749879.000000000
529	-15756499.000000000
530	-15764202.000000000
531	-15774262.000000000
532	-15787243.000000000
533	-15780254.000000000
534	-15790296.000000000
535	-15797011.000000000
536	-15802031.000000000
537	-15806785.000000000
538	-15794812.000000000
539	-15795302.000000000
540	-15788690.000000000
541	-15774080.000000000
542	-15773833.000000000
543	-15787666.000000000
544	-15787546.000000000
545	-15801036.000000000
546	-15813819.000000000
547	-15822540.000000000
548	-15806080.000000000
549	-15815700.000000000
550	-15836283.000000000
551	-15830618.000000000
552	-15824322.000000000
553	-15831550.000000000
554	-15825678.000000000
555	-15822367.000000000
556	-15818008.000000000
557	-15822059.000000000
558	-15815617.000000000
559	-15822791.000000000
560	-15815957.000000000
561	-15817904.000000000
562	-15817840.000000000
563	-15800572.000000000
564	-15791327.000000000
565	-15759748.000000000
566	-15702476.000000000
567	-15666033.000000000
568	-15617596.000000000
569	-15569162.000000000
570	-15506078.000000000
571	-15427584.000000000
572	-15265137.000000000
573	-15014194.000000000
574	-14679128.000000000
575	-14268296.000000000
576	-13740932.000000000
577	-13005006.000000000
578	-11508355.000000000
579	-9440945.000000000
580	-6982252.500000000
581	-4109763.750000000
582	-1390251.125000000
583	-302790.218750000
584	-83373.851562500
585	-110467.546875000
586	-98266.500000000
587	-83764.203125000
588	-129282.789062500
589	-104168.351562500
590	-76496.210937500
591	-85935.531250000
592	-116263.859375000
593	-203914.750000000
594	-594200.062500000
595	-1396412.250000000
596	-2508521.500000000
597	-3970288.750000000
598	-5642089.000000000
599	-7111034.000000000
600	-8279663.500000000
601	-9195060.000000000
602	-9995097.000000000
603	-10791800.000000000
604	-11417859.000000000
605	-11825545.000000000
606	-12209973.000000000
607	-12605418.000000000
608	-12933233.000000000
609	-13164561.000000000
610	-13392755.000000000
611	-13605805.000000000
612	-13751742.000000000
613	-13893204.000000000
614	-14031342.000000000
615	-14173906.000000000
616	-14338864.000000000
617	-14483669.000000000
618	-14630800.000000000
619	-14762124.000000000
620	-14896572.000000000
621	-14999100.000000000
622	-15073153.000000000
623	-15136463.000000000
624	-15192256.000000000
625	-15268255.000000000
626	-15319445.000000000
627	-15363262.000000000
628	-15401193.000000000
629	-15434748.000000000
630	-15461079.000000000
631	-15498035.000000000
632	-15562138.000000000
633	-15584172.000000000
634	-15601179.000000000
635	-15633408.000000000
636	-15662426.000000000
637	-15679091.000000000
638	-15698510.000000000
639	-15720482.000000000
640	-15738166.000000000
641	-15759226.000000000
642	-15798133.000000000
643	-15824341.000000000
644	-15839701.000000000
645	-15851167.000000000
646	-15862370.000000000
647	-15872102.000000000
648	-15865851.000000000
649	-15883642.000000000
650	-15905074.000000000
651	-15907233.000000000
652	-15912049.000000000
653	-15928267.000000000
654	-15942037.000000000
655	-15945222.000000000
656	-15950773.000000000
657	-15950845.000000000
658	-15942107.000000000
659	-15943788.000000000
660	-15951681.000000000
661	-15950110.000000000
662	-15952521.000000000
663	-15971241.000000000
664	-15996901.000000000
665	-16003106.000000000
666	-15997112.000000000
667	-16001610.000000000
668	-16000580.000000000
669	-15990756.000000000
670	-15991084.000000000
671	-16000407.000000000
672	-15989775.000000000
673	-15983053.000000000
674	-16001741.000000000
675	-16007859.000000000
676	-16013276.000000000
677	-16012355.000000000
678	-16023312.000000000
679	-16044530.000000000
680	-16059659.000000000
681	-16059473.000000000
682	-16059313.000000000
683	-16078527.000000000
684	-16088967.000000000
685	-16091463.000000000
686	-16104719.000000000
687	-16127144.000000000
688	-16141103.000000000
689	-16150808.000000000
690	-16167564.000000000
691	-16184638.000000000
692	-16196596.000000000
693	-16197647.000000000
694	-16181679.000000000
695	-16187468.000000000
696	-16213282.000000000
697	-16220099.000000000
698	-16230972.000000000
699	-16235413.000000000
700	-16242457.000000000
701	-16242830.000000000
702	-16248035.000000000
703	-16253034.000000000
704	-16250973.000000000
705	-16241635.000000000
706	-16270255.000000000
707	-16286044.000000000
708	-16291892.000000000
709	-16304734.000000000
710	-16305912.000000000
711	-16298423.000000000
712	-16312085.000000000
713	-16326069.000000000
714	-16329402.000000000
715	-16323768.000000000
716	-16317219.000000000
717	-16304836.000000000
718	-16309472.000000000
719	-16333377.000000000
720	-16356593.000000000
721	-16342603.000000000
722	-16355713.000000000
723	-16359370.000000000
724	-16353735.000000000
725	-16338511.000000000
726	-16334785.000000000
727	-16347178.000000000
728	-16352556.000000000
729	-16351335.000000000
730	-16336544.000000000
731	-16336149.000000000
732	-16356451.000000000
733	-16363880.000000000
734	-16354184.000000000
735	-16339370.000000000
736	-16326465.000000000
737	-16340087.000000000
738	-16356039.000000000
739	-16362891.000000000
740	-16365014.000000000
741	-16368905.000000000
742	-16370161.000000000
743	-16368274.000000000
744	-16382843.000000000
745	-16387340.000000000
746	-16390280.000000000
747	-16378787.000000000
748	-16372060.000000000
749	-16382027.000000000
750	-16393915.000000000
751	-16399435.000000000
752	-16394974.000000000
753	-16394028.000000000
754	-16398450.000000000
755	-16411544.000000000
756	-16412865.000000000
757	-16419322.000000000
758	-16432003.000000000
759	-16441977.000000000
760	-16445168.000000000
761	-16440089.000000000
762	-16416923.000000000
763	-16413423.000000000
764	-16419006.000000000
765	-16422497.000000000
766	-16407510.000000000
767	-16400926.000000000
768	-16409565.000000000
769	-16419570.000000000
770	-16408798.000000000
771	-16423426.000000000
772	-16436563.000000000
773	-16427113.000000000
774	-16416057.000000000
775	-16414994.000000000
776	-16413651.000000000
777	-16430532.000000000
778	-16439790.000000000
779	-16432355.000000000
780	-16424029.000000000
781	-16431201.000000000
782	-16424472.000000000
783	-16412326.000000000
784	-16407640.000000000
785	-16423713.000000000
786	-16428630.000000000
787	-16440632.000000000
788	-16430315.000000000
789	-16413474.000000000
790	-16411683.000000000
791	-16424992.000000000
792	-16417026.000000000
793	-16413367.000000000
794	-16419733.000000000
795	-16412778.000000000
796	-16417216.000000000
797	-16426717.000000000
798	-16421000.000000000
799	-16411932.000000000
800	-16420194.000000000
801	-16433870.000000000
802	-16428949.000000000
803	-16433338.000000000
804	-16430167.000000000
805	-16423486.000000000
806	-16413923.000000000
807	-16405649.000000000
808	-16401235.000000000
809	-16396048.000000000
810	-16407898.000000000
811	-16401994.000000000
812	-16398581.000000000
813	-16413089.000000000
814	-16428560.000000000
815	-16427888.000000000
816	-16403279.000000000
817	-16412688.000000000
818	-16413586.000000000
819	-16410595.000000000
820	-16399626.000000000
821	-16388903.000000000
822	-16383648.000000000
823	-16386170.000000000
824	-16403340.000000000
825	-16414443.000000000
826	-16419946.000000000
827	-16414719.000000000
828	-16397580.000000000
829	-16397708.000000000
830	-16401963.000000000
831	-16406232.000000000
832	-16399070.000000000
833	-16387924.000000000
834	-16385855.000000000
835	-16389822.000000000
836	-16395753.000000000
837	-16394723.000000000
838	-16380349.000000000
839	-16372125.000000000
840	-16368369.000000000
841	-16367608.000000000
842	-16364017.000000000
843	-16372491.000000000
844	-16372185.000000000
845	-16353368.000000000
846	-16350363.000000000
847	-16357030.000000000
848	-16357532.000000000
849	-16362367.000000000
850	-16367328.000000000
851	-16375950.000000000
852	-16389616.000000000
853	-16384148.000000000
854	-16375348.000000000
855	-16377213.000000000
856	-16378645.000000000
857	-16374302.000000000
858	-16370868.000000000
859	-16375893.000000000
860	-16374325.000000000
861	-16372494.000000000
862	-16381097.000000000
863	-16392645.000000000
864	-16403381.000000000
865	-16404452.000000000
866	-16403352.000000000
867	-16403342.000000000
868	-16400396.000000000
869	-16409839.000000000
870	-16408798.000000000
871	-16396391.000000000
872	-16389704.000000000
873	-16407061.000000000
874	-16405663.000000000
875	-16388326.000000000
876	-16383985.000000000
877	-16398236.000000000
878	-16397215.000000000
879	-16399647.000000000
880	-16392394.000000000
881	-16386409.000000000
882	-16408890.000000000
883	-16411483.000000000
884	-16416634.000000000
885	-16426910.000000000
886	-16437967.000000000
887	-16427670.000000000
888	-16419792.000000000
889	-16417163.000000000
890	-16414156.000000000
891	-16408316.000000000
892	-16413355.000000000
893	-16424450.000000000
894	-16427988.000000000
895	-16435335.000000000
896	-16439879.000000000
897	-16436609.000000000
898	-16408388.000000000
899	-16398877.000000000
900	-16420992.000000000
901	-16423311.000000000
902	-16419091.000000000
903	-16409731.000000000
904	-16401462.000000000
905	-16406452.000000000
906	-16424330.000000000
907	-16438947.000000000
908	-16420178.000000000
909	-16413098.000000000
910	-16426410.000000000
911	-16437368.000000000
912	-16424675.000000000
913	-16417542.000000000
914	-16389749.000000000
915	-16411741.000000000
916	-16427150.000000000
917	-16439784.000000000
918	-16455890.000000000
919	-16457681.000000000
920	-16431260.000000000
921	-16415052.000000000
922	-16424309.000000000
923	-16431768.000000000
924	-16431397.000000000
925	-16426930.000000000
926	-16416741.000000000
927	-16414191.000000000
928	-16412845.000000000
929	-16422782.000000000
930	-16417420.000000000
931	-16406099.000000000
932	-16411307.000000000
933	-16406993.000000000
934	-16406941.000000000
935	-16411232.000000000
936	-16412634.000000000
937	-16413790.000000000
938	-16419796.000000000
939	-16409911.000000000
940	-16413285.000000000
941	-16407002.000000000
942	-16385580.000000000
943	-16378787.000000000
944	-16365633.000000000
945	-16359212.000000000
946	-16363833.000000000
947	-16373579.000000000
948	-16374927.000000000
949	-16369277.000000000
950	-16356431.000000000
951	-16352784.000000000
952	-16364262.000000000
953	-16344393.000000000
954	-16347182.000000000
955	-16333560.000000000
956	-16311400.000000000
957	-16308292.000000000
958	-16297277.000000000
959	-16280546.000000000
960	-16280490.000000000
961	-16285194.000000000
962	-16270496.000000000
963	-16257707.000000000
964	-16258060.000000000
965	-16259856.000000000
966	-16239735.000000000
967	-16238696.000000000
968	-16205851.000000000
969	-16194395.000000000
970	-16182625.000000000
971	-16157208.000000000
972	-16110981.000000000
973	-16077463.000000000
974	-16042335.000000000
975	-15985624.000000000
976	-15875013.000000000
977	-15746620.000000000
978	-15589996.000000000
979	-15362567.000000000
980	-15030462.000000000
981	-14436149.000000000
982	-13461589.000000000
983	-12003726.000000000
984	-9671071.000000000
985	-6548102.500000000
986	-3420449.750000000
987	-1018778.250000000
988	-145491.796875000
989	-49863.281250000
990	-74303.679687500
991	-106808.703125000
992	-120417.898437500
993	-78952.531250000
994	-109101.453125000
995	-112453.984375000
996	-124847.539062500
997	-202677.875000000
998	-447324.062500000
999	-886705.687500000
1000	-1516932.625000000
1001	-2762590.750000000
1002	-4560303.500000000
1003	-6346917.500000000
1004	-7802665.500000000
1005	-8966646.000000000
1006	-9871589.000000000
1007	-10623991.000000000
1008	-11340857.000000000
1009	-11979028.000000000
1010	-12500939.000000000
1011	-12871665.000000000
1012	-13164063.000000000
1013	-13376187.000000000
1014	-13588228.000000000
1015	-13813419.000000000
1016	-13970830.000000000
1017	-14125909.000000000
1018	-14272728.000000000
1019	-14392955.000000000
1020	-14471030.000000000
1021	-14572590.000000000
1022	-14654617.000000000
1023	-14737119.000000000
1024	-14840371.000000000
1025	-14969007.000000000
1026	-15079673.000000000
1027	-15178218.000000000
1028	-15244083.000000000
1029	-15300296.000000000
1030	-15378215.000000000
1031	-15452190.000000000
1032	-15491621.000000000
1033	-15556369.000000000
1034	-15619447.000000000
1035	-15650014.000000000
1036	-15673146.000000000
1037	-15691507.000000000
1038	-15701253.000000000
1039	-15683459.000000000
1040	-15670216.000000000
1041	-15638745.000000000
1042	-15606474.000000000
1043	-15609077.000000000
1044	-15620391.000000000
1045	-15642742.000000000
1046	-15668548.000000000
1047	-15712826.000000000
1048	-15748928.000000000
1049	-15800395.000000000
1050	-15852444.000000000
1051	-15882660.000000000
1052	-15907797.000000000
1053	-15947421.000000000
1054	-15976461.000000000
1055	-15987537.000000000
1056	-15999926.000000000
1057	-16008180.000000000
1058	-16019449.000000000
1059	-16035465.000000000
1060	-16045843.000000000
1061	-16038673.000000000
1062	-16033246.000000000
1063	-16046820.000000000
1064	-16052261.000000000
1065	-16048565.000000000
1066	-16056063.000000000
1067	-16060381.000000000
1068	-16073776.000000000
1069	-16079940.000000000
1070	-16084157.000000000
1071	-16084862.000000000
1072	-16086152.000000000
1073	-16094851.000000000
1074	-16098820.000000000
1075	-16117532.000000000
1076	-16117333.000000000
1077	-16112369.000000000
1078	-16117485.000000000
1079	-16131344.000000000
1080	-16142628.000000000
1081	-16134248.000000000
1082	-16157842.000000000
1083	-16156865.000000000
1084	-16155302.000000000
1085	-16154138.000000000
1086	-16162244.000000000
1087	-16164859.000000000
1088	-16177930.000000000
1089	-16190348.000000000
1090	-16196696.000000000
1091	-16208470.000000000
1092	-16234709.000000000
1093	-16248464.000000000
1094	-16253887.000000000
1095	-16276236.000000000
1096	-16284490.000000000
1097	-16281380.000000000
1098	-16276655.000000000
1099	-16288201.000000000
1100	-16314040.000000000
1101	-16350765.000000000
1102	-16352812.000000000
1103	-16336807.000000000
1104	-16335518.000000000
1105	-16363597.000000000
1106	-16365779.000000000
1107	-16365422.000000000
1108	-16370073.000000000
1109	-16380266.000000000
1110	-16370974.000000000
1111	-16377270.000000000
1112	-16400784.000000000
1113	-16407205.000000000
1114	-16399880.000000000
1115	-16392768.000000000
1116	-16398854.000000000
1117	-16415748.000000000
1118	-16424717.000000000
1119	-16416557.000000000
1120	-16401842.000000000
1121	-16400111.000000000
1122	-16410773.000000000
1123	-16410485.000000000
1124	-16410540.000000000
1125	-16415082.000000000
1126	-16420362.000000000
1127	-16424605.000000000
1128	-16430941.000000000
1129	-16432849.000000000
1130	-16422360.000000000
1131	-16435141.000000000
1132	-16449469.000000000
1133	-16461014.000000000
1134	-16454280.000000000
1135	-16449144.000000000
1136	-16434329.000000000
1137	-16439829.000000000
1138	-16440128.000000000
1139	-16441853.000000000
1140	-16434793.000000000
1141	-16432154.000000000
1142	-16439863.000000000
1143	-16440628.000000000
1144	-16426308.000000000
1145	-16433386.000000000
1146	-16427234.000000000
1147	-16434227.000000000
1148	-16444823.000000000
1149	-16445390.000000000
1150	-16440754.000000000
1151	-16438024.000000000
1152	-16441085.000000000
1153	-16432497.000000000
1154	-16429740.000000000
1155	-16405711.000000000
1156	-16405459.000000000
1157	-16414992.000000000
1158	-16420073.000000000
1159	-16415866.000000000
1160	-16402458.000000000
1161	-16391443.000000000
1162	-16390351.000000000
1163	-16382459.000000000
1164	-16376759.000000000
1165	-16369006.000000000
1166	-16369530.000000000
1167	-16372106.000000000
1168	-16382070.000000000
1169	-16393403.000000000
1170	-16400292.000000000
1171	-16400588.000000000
1172	-16418520.000000000
1173	-16420684.000000000
1174	-16422082.000000000
1175	-16425032.000000000
1176	-16440371.000000000
1177	-16434514.000000000
1178	-16425828.000000000
1179	-16441431.000000000
1180	-16436430.000000000
1181	-16439914.000000000
1182	-16443974.000000000
1183	-16442734.000000000
1184	-16458929.000000000
1185	-16456997.000000000
1186	-16446778.000000000
1187	-16438723.000000000
1188	-16429392.000000000
1189	-16434967.000000000
1190	-16447110.000000000
1191	-16459754.000000000
1192	-16456036.000000000
1193	-16445946.000000000
1194	-16442298.000000000
1195	-16435884.000000000
1196	-16432946.000000000
1197	-16430102.000000000
1198	-16443969.000000000
1199	-16456292.000000000
1200	-16458659.000000000
1201	-16453557.000000000
1202	-16446035.000000000
1203	-16440001.000000000
1204	-16434726.000000000
1205	-16441145.000000000
1206	-16459283.000000000
1207	-16447080.000000000
1208	-16430756.000000000
1209	-16432180.000000000
1210	-16442987.000000000
1211	-16446419.000000000
1212	-16441438.000000000
1213	-16430344.000000000
1214	-16419718.000000000
1215	-16408622.000000000
1216	-16373360.000000000
1217	-16371514.000000000
1218	-16423484.000000000
1219	-16467458.000000000
1220	-16457167.000000000
1221	-16415409.000000000
1222	-16346663.000000000
1223	-16293447.000000000
1224	-16258149.000000000
1225	-16229687.000000000
1226	-16258551.000000000
1227	-16195632.000000000
1228	-15970980.000000000
1229	-15502227.000000000
1230	-14391409.000000000
1231	-12415969.000000000
1232	-9373846.000000000
1233	-5680484.500000000
1234	-2582222.000000000
1235	-944707.500000000
1236	-267872.125000000
1237	-113616.703125000
1238	-152168.515625000
1239	-184234.015625000
1240	-213742.453125000
1241	-319044.718750000
1242	-554368.875000000
1243	-1156501.250000000
1244	-2366542.500000000
1245	-4101383.750000000
1246	-6130907.000000000
1247	-8094501.500000000
1248	-9781956.000000000
1249	-11128974.000000000
1250	-12131553.000000000
1251	-12923650.000000000
1252	-13583610.000000000
1253	-14062369.000000000
1254	-14464046.000000000
1255	-14829022.000000000
1256	-15124585.000000000
1257	-15345246.000000000
1258	-15477744.000000000
1259	-15562744.000000000
1260	-15610870.000000000
1261	-15663749.000000000
1262	-15705256.000000000
1263	-15780661.000000000
1264	-15861639.000000000
1265	-15894827.000000000
1266	-15934151.000000000
1267	-15992572.000000000
1268	-16015556.000000000
1269	-16025596.000000000
1270	-16040371.000000000
1271	-16076518.000000000
1272	-16095419.000000000
1273	-16106218.000000000
1274	-16125325.000000000
1275	-16161545.000000000
1276	-16188105.000000000
1277	-16221400.000000000
1278	-16237287.000000000
1279	-16249210.000000000
1280	-16222392.000000000
1281	-16166934.000000000
1282	-16064261.000000000
1283	-15937183.000000000
1284	NaN
