X	Y
0	-2489780.500000000
1	-2194207.750000000
2	-1977497.250000000
3	-1775677.500000000
4	-1621229.625000000
5	-1502033.500000000
6	-1382199.000000000
7	-1200328.000000000
8	-1030510.250000000
9	-880961.562500000
10	-749739.375000000
11	-637377.187500000
12	-541668.312500000
13	-464807.968750000
14	-389208.781250000
15	-340484.000000000
16	-299095.625000000
17	-289765.250000000
18	-287154.531250000
19	-292674.468750000
20	-304401.281250000
21	-316060.968750000
22	-349948.937500000
23	-394372.812500000
24	-461115.875000000
25	-562627.062500000
26	-669075.625000000
27	-798716.000000000
28	-944414.000000000
29	-1123136.000000000
30	-1310558.875000000
31	-1522377.625000000
32	-1748823.750000000
33	-1962184.250000000
34	-2175080.750000000
35	-2407893.500000000
36	-2639432.000000000
37	-2869026.250000000
38	-3103575.750000000
39	-3331729.500000000
40	-3574825.750000000
41	-3795106.750000000
42	-4017724.000000000
43	-4226763.500000000
44	-4435432.000000000
45	-4648349.000000000
46	-4854692.000000000
47	-5034280.500000000
48	-5128416.000000000
49	-5227301.000000000
50	-5320562.000000000
51	-5387869.500000000
52	-5464364.000000000
53	-5528975.500000000
54	-5587435.500000000
55	-5638181.500000000
56	-5679377.000000000
57	-5715295.500000000
58	-5751791.000000000
59	-5787886.000000000
60	-5806943.500000000
61	-5808222.000000000
62	-5800587.000000000
63	-5790092.500000000
64	-5776817.500000000
65	-5780959.000000000
66	-5797726.000000000
67	-5844075.500000000
68	-5892418.500000000
69	-5971186.500000000
70	-6050958.500000000
71	-6142702.000000000
72	-6219352.000000000
73	-6270280.000000000
74	-6295120.000000000
75	-6296411.000000000
76	-6267711.000000000
77	-6212785.500000000
78	-6139564.000000000
79	-6065529.500000000
80	-5986825.000000000
81	-5906858.000000000
82	-5832196.500000000
83	-5771466.000000000
84	-5730967.500000000
85	-5725777.500000000
86	-5741285.000000000
87	-5789558.500000000
88	-5850481.000000000
89	-5938509.500000000
90	-6036108.500000000
91	-6148531.000000000
92	-6253529.500000000
93	-6375047.000000000
94	-6489351.500000000
95	-6597628.000000000
96	-6698654.000000000
97	-6781701.500000000
98	-6850345.000000000
99	-6916825.500000000
100	-6970191.000000000
101	-7020211.500000000
102	-7065333.000000000
103	-7097671.500000000
104	-7125706.500000000
105	-7165531.000000000
106	-7198605.000000000
107	-7239247.000000000
108	-7282148.500000000
109	-7344192.000000000
110	-7408616.000000000
111	-7461621.500000000
112	-7507651.000000000
113	-7560575.500000000
114	-7597888.500000000
115	-7639089.500000000
116	-7685177.500000000
117	-7738126.000000000
118	-7794314.000000000
119	-7849651.000000000
120	-7895476.000000000
121	-7953125.500000000
122	-7991660.500000000
123	-8019190.500000000
124	-8028202.500000000
125	-8024691.000000000
126	-8024374.000000000
127	-8010394.000000000
128	-7993145.500000000
129	-7976660.500000000
130	-7950710.000000000
131	-7903678.000000000
132	-7845835.500000000
133	-7776554.000000000
134	-7700860.000000000
135	-7646371.000000000
136	-7606704.500000000
137	-7584886.000000000
138	-7594613.500000000
139	-7635088.500000000
140	-7687152.000000000
141	-7740716.000000000
142	-7788024.500000000
143	-7825546.500000000
144	-7849083.500000000
145	-7857849.000000000
146	-7834759.500000000
147	-7776976.000000000
148	-7688604.500000000
149	-7595734.000000000
150	-7474882.000000000
151	-7356192.000000000
152	-7241348.500000000
153	-7125196.500000000
154	-7022592.500000000
155	-6945821.000000000
156	-6891162.500000000
157	-6866386.000000000
158	-6875940.500000000
159	-6908427.500000000
160	-6978713.500000000
161	-7072175.000000000
162	-7166517.000000000
163	-7280480.000000000
164	-7410881.500000000
165	-7535765.500000000
166	-7644898.000000000
167	-7746788.500000000
168	-7830668.500000000
169	-7896888.500000000
170	-7958891.000000000
171	-8010230.500000000
172	-8045854.000000000
173	-8067883.500000000
174	-8085191.000000000
175	-8098066.000000000
176	-8111297.500000000
177	-8124857.000000000
178	-8145072.000000000
179	-8174336.000000000
180	-8207762.500000000
181	-8243738.500000000
182	-8271874.000000000
183	-8323080.500000000
184	-8378945.000000000
185	-8427155.000000000
186	-8474682.000000000
187	-8522695.000000000
188	-8561688.000000000
189	-8599753.000000000
190	-8635110.000000000
191	-8679269.000000000
192	-8721586.000000000
193	-8762750.000000000
194	-8807796.000000000
195	-8840247.000000000
196	-8865610.000000000
197	-8887725.000000000
198	-8880452.000000000
199	-8875597.000000000
200	-8842265.000000000
201	-8802723.000000000
202	-8748965.000000000
203	-8695728.000000000
204	-8632872.000000000
205	-8554947.000000000
206	-8485344.000000000
207	-8414542.000000000
208	-8349100.000000000
209	-8286219.000000000
210	-8239541.500000000
211	-8201995.000000000
212	-8180570.500000000
213	-8180521.500000000
214	-8185384.000000000
215	-8197792.000000000
216	-8207619.000000000
217	-8209992.500000000
218	-8185083.000000000
219	-8149865.500000000
220	-8102972.500000000
221	-8007669.000000000
222	-7895485.500000000
223	-7754302.500000000
224	-7616245.500000000
225	-7478010.500000000
226	-7343753.500000000
227	-7219192.000000000
228	-7109224.000000000
229	-7034764.000000000
230	-6984864.000000000
231	-6975633.000000000
232	-6979748.000000000
233	-7015558.500000000
234	-7070580.000000000
235	-7142561.500000000
236	-7240265.500000000
237	-7358645.500000000
238	-7472361.500000000
239	-7592625.000000000
240	-7687163.500000000
241	-7775422.500000000
242	-7847051.000000000
243	-7906941.000000000
244	-7945734.500000000
245	-7978530.000000000
246	-7983996.000000000
247	-7986926.500000000
248	-7977671.000000000
249	-7964605.500000000
250	-7953330.500000000
251	-7942386.500000000
252	-7928223.000000000
253	-7914988.500000000
254	-7921662.500000000
255	-7939667.500000000
256	-7966246.500000000
257	-7998307.000000000
258	-8042615.500000000
259	-8079674.000000000
260	-8139709.500000000
261	-8190965.000000000
262	-8238326.500000000
263	-8296765.000000000
264	-8345100.000000000
265	-8394906.000000000
266	-8452055.000000000
267	-8523239.000000000
268	-8588028.000000000
269	-8643673.000000000
270	-8680124.000000000
271	-8688514.000000000
272	-8687297.000000000
273	-8666791.000000000
274	-8626552.000000000
275	-8575233.000000000
276	-8512098.000000000
277	-8444586.000000000
278	-8375752.500000000
279	-8265767.000000000
280	-8150044.000000000
281	-8032613.000000000
282	-7921023.000000000
283	-7807077.000000000
284	-7711927.000000000
285	-7632478.500000000
286	-7582060.500000000
287	-7572197.000000000
288	-7603981.000000000
289	-7652075.000000000
290	-7699482.500000000
291	-7716436.000000000
292	-7729879.000000000
293	-7725597.000000000
294	-7679354.500000000
295	-7588401.000000000
296	-7460092.500000000
297	-7315738.500000000
298	-7143085.500000000
299	-6958067.500000000
300	-6797445.500000000
301	-6639816.500000000
302	-6498557.500000000
303	-6386096.500000000
304	-6297959.500000000
305	-6238291.000000000
306	-6236681.500000000
307	-6263155.000000000
308	-6361488.500000000
309	-6480952.000000000
310	-6618346.500000000
311	-6789632.000000000
312	-6949991.000000000
313	-7108845.000000000
314	-7245570.000000000
315	-7351256.500000000
316	-7432557.500000000
317	-7496858.500000000
318	-7536513.000000000
319	-7549943.500000000
320	-7539534.000000000
321	-7513182.000000000
322	-7474949.500000000
323	-7444404.500000000
324	-7409068.000000000
325	-7401895.000000000
326	-7404601.500000000
327	-7425096.500000000
328	-7448071.500000000
329	-7484726.500000000
330	-7544513.000000000
331	-7618002.000000000
332	-7701375.500000000
333	-7789645.000000000
334	-7876135.500000000
335	-7958608.000000000
336	-8033820.500000000
337	-8120685.000000000
338	-8211735.000000000
339	-8314936.000000000
340	-8420890.000000000
341	-8517448.000000000
342	-8610940.000000000
343	-8676963.000000000
344	-8731315.000000000
345	-8743742.000000000
346	-8721773.000000000
347	-8674088.000000000
348	-8611933.000000000
349	-8529935.000000000
350	-8439382.000000000
351	-8339392.000000000
352	-8228500.000000000
353	-8092968.000000000
354	-7933687.500000000
355	-7780732.500000000
356	-7641973.000000000
357	-7526369.000000000
358	-7441869.000000000
359	-7409936.500000000
360	-7425316.500000000
361	-7480036.000000000
362	-7568301.500000000
363	-7690004.000000000
364	-7795579.500000000
365	-7877215.500000000
366	-7913500.500000000
367	-7904512.000000000
368	-7830503.500000000
369	-7709233.000000000
370	-7539061.000000000
371	-7342420.000000000
372	-7145289.000000000
373	-6941161.000000000
374	-6752884.500000000
375	-6586004.500000000
376	-6444627.500000000
377	-6355633.000000000
378	-6316472.500000000
379	-6328600.000000000
380	-6383362.500000000
381	-6482770.500000000
382	-6612006.500000000
383	-6779349.000000000
384	-6962524.500000000
385	-7174656.500000000
386	-7394065.500000000
387	-7593517.500000000
388	-7763089.500000000
389	-7868913.500000000
390	-7959787.500000000
391	-8017644.000000000
392	-8058817.500000000
393	-8079881.500000000
394	-8068474.500000000
395	-8049924.000000000
396	-8021718.500000000
397	-7986948.000000000
398	-7966965.500000000
399	-7961966.500000000
400	-7970817.500000000
401	-7998232.000000000
402	-8039959.000000000
403	-8095068.000000000
404	-8162448.000000000
405	-8234627.500000000
406	-8327831.500000000
407	-8428482.000000000
408	-8520379.000000000
409	-8608805.000000000
410	-8687583.000000000
411	-8772025.000000000
412	-8857867.000000000
413	-8954877.000000000
414	-9058942.000000000
415	-9159645.000000000
416	-9249484.000000000
417	-9333624.000000000
418	-9383847.000000000
419	-9405035.000000000
420	-9404017.000000000
421	-9361274.000000000
422	-9282044.000000000
423	-9181664.000000000
424	-9085940.000000000
425	-8985798.000000000
426	-8871912.000000000
427	-8731528.000000000
428	-8595535.000000000
429	-8450073.000000000
430	-8314403.000000000
431	-8197832.500000000
432	-8099900.500000000
433	-8038995.000000000
434	-8009741.500000000
435	-8036655.500000000
436	-8094219.000000000
437	-8192894.000000000
438	-8311643.000000000
439	-8401652.000000000
440	-8458851.000000000
441	-8473934.000000000
442	-8434781.000000000
443	-8343148.000000000
444	-8208989.500000000
445	-8040266.000000000
446	-7864821.500000000
447	-7652894.500000000
448	-7447743.000000000
449	-7243117.500000000
450	-7084381.000000000
451	-6943998.000000000
452	-6842960.500000000
453	-6792931.000000000
454	-6801619.500000000
455	-6860433.500000000
456	-6951261.500000000
457	-7075288.000000000
458	-7218067.500000000
459	-7403907.500000000
460	-7570409.000000000
461	-7758240.500000000
462	-7935940.500000000
463	-8081773.500000000
464	-8184155.000000000
465	-8263565.000000000
466	-8324940.000000000
467	-8361014.000000000
468	-8365786.500000000
469	-8361269.000000000
470	-8335851.500000000
471	-8288518.500000000
472	-8238930.500000000
473	-8195719.000000000
474	-8168137.500000000
475	-8155849.000000000
476	-8150191.500000000
477	-8179389.000000000
478	-8224633.000000000
479	-8268741.500000000
480	-8325509.000000000
481	-8415765.000000000
482	-8505255.000000000
483	-8599279.000000000
484	-8687993.000000000
485	-8772869.000000000
486	-8848398.000000000
487	-8926592.000000000
488	-9003641.000000000
489	-9096803.000000000
490	-9188222.000000000
491	-9290694.000000000
492	-9383865.000000000
493	-9460353.000000000
494	-9522381.000000000
495	-9554521.000000000
496	-9536465.000000000
497	-9493961.000000000
498	-9410156.000000000
499	-9304910.000000000
500	-9195400.000000000
501	-9074483.000000000
502	-8944426.000000000
503	-8806929.000000000
504	-8671774.000000000
505	-8536138.000000000
506	-8411883.000000000
507	-8289218.500000000
508	-8187938.000000000
509	-8107974.500000000
510	-8058538.000000000
511	-8052763.500000000
512	-8089924.000000000
513	-8164810.000000000
514	-8251863.500000000
515	-8348754.500000000
516	-8428946.000000000
517	-8473094.000000000
518	-8470859.000000000
519	-8417513.000000000
520	-8315441.500000000
521	-8168185.000000000
522	-7991041.000000000
523	-7804980.000000000
524	-7605912.000000000
525	-7407606.000000000
526	-7227942.000000000
527	-7089690.500000000
528	-6974022.500000000
529	-6901115.000000000
530	-6874163.500000000
531	-6906964.500000000
532	-6982278.000000000
533	-7096095.500000000
534	-7243188.000000000
535	-7405291.000000000
536	-7590259.000000000
537	-7780863.500000000
538	-7969636.000000000
539	-8145230.500000000
540	-8307587.000000000
541	-8433375.000000000
542	-8520338.000000000
543	-8580868.000000000
544	-8617762.000000000
545	-8618266.000000000
546	-8602707.000000000
547	-8564293.000000000
548	-8517632.000000000
549	-8475453.000000000
550	-8439591.000000000
551	-8414895.000000000
552	-8392609.000000000
553	-8399890.000000000
554	-8422922.000000000
555	-8467180.000000000
556	-8532057.000000000
557	-8602903.000000000
558	-8675993.000000000
559	-8768267.000000000
560	-8856156.000000000
561	-8949035.000000000
562	-9039570.000000000
563	-9122827.000000000
564	-9203608.000000000
565	-9288026.000000000
566	-9371600.000000000
567	-9462618.000000000
568	-9565426.000000000
569	-9655882.000000000
570	-9732352.000000000
571	-9809382.000000000
572	-9867433.000000000
573	-9887373.000000000
574	-9850360.000000000
575	-9794077.000000000
576	-9712914.000000000
577	-9612571.000000000
578	-9502113.000000000
579	-9383699.000000000
580	-9266908.000000000
581	-9144241.000000000
582	-9015799.000000000
583	-8873832.000000000
584	-8731477.000000000
585	-8607299.000000000
586	-8513649.000000000
587	-8432232.000000000
588	-8376720.500000000
589	-8370286.500000000
590	-8399188.000000000
591	-8478180.000000000
592	-8574852.000000000
593	-8686626.000000000
594	-8779388.000000000
595	-8856224.000000000
596	-8877969.000000000
597	-8848204.000000000
598	-8762718.000000000
599	-8626828.000000000
600	-8448780.000000000
601	-8255899.000000000
602	-8051039.000000000
603	-7848451.000000000
604	-7680267.500000000
605	-7532813.000000000
606	-7405682.000000000
607	-7307192.000000000
608	-7262431.000000000
609	-7275721.000000000
610	-7322643.000000000
611	-7421075.000000000
612	-7550826.500000000
613	-7704524.500000000
614	-7885459.000000000
615	-8087405.500000000
616	-8270408.500000000
617	-8472164.000000000
618	-8642002.000000000
619	-8793888.000000000
620	-8913471.000000000
621	-9009238.000000000
622	-9065075.000000000
623	-9089822.000000000
624	-9089374.000000000
625	-9077509.000000000
626	-9035799.000000000
627	-8995023.000000000
628	-8950664.000000000
629	-8900216.000000000
630	-8863996.000000000
631	-8842833.000000000
632	-8838805.000000000
633	-8865776.000000000
634	-8913396.000000000
635	-8968868.000000000
636	-9045612.000000000
637	-9133536.000000000
638	-9222470.000000000
639	-9308397.000000000
640	-9412908.000000000
641	-9519736.000000000
642	-9620039.000000000
643	-9704208.000000000
644	-9792034.000000000
645	-9874455.000000000
646	-9957936.000000000
647	-10046063.000000000
648	-10148892.000000000
649	-10249727.000000000
650	-10340115.000000000
651	-10400738.000000000
652	-10437618.000000000
653	-10446673.000000000
654	-10414035.000000000
655	-10343538.000000000
656	-10239031.000000000
657	-10104360.000000000
658	-9975778.000000000
659	-9859051.000000000
660	-9735801.000000000
661	-9612340.000000000
662	-9502868.000000000
663	-9369941.000000000
664	-9257738.000000000
665	-9144968.000000000
666	-9066723.000000000
667	-8980869.000000000
668	-8937518.000000000
669	-8934937.000000000
670	-8986174.000000000
671	-9064789.000000000
672	-9162858.000000000
673	-9288604.000000000
674	-9396882.000000000
675	-9473800.000000000
676	-9494354.000000000
677	-9463917.000000000
678	-9380866.000000000
679	-9255363.000000000
680	-9082286.000000000
681	-8881361.000000000
682	-8676096.000000000
683	-8475494.000000000
684	-8292125.500000000
685	-8123570.000000000
686	-7990339.500000000
687	-7884881.500000000
688	-7825804.500000000
689	-7811540.000000000
690	-7832451.500000000
691	-7902003.500000000
692	-8024168.000000000
693	-8183147.000000000
694	-8372752.000000000
695	-8587915.000000000
696	-8803530.000000000
697	-9010203.000000000
698	-9194252.000000000
699	-9377545.000000000
700	-9521182.000000000
701	-9626678.000000000
702	-9701745.000000000
703	-9743277.000000000
704	-9763083.000000000
705	-9752191.000000000
706	-9713570.000000000
707	-9680403.000000000
708	-9627693.000000000
709	-9584251.000000000
710	-9552226.000000000
711	-9511708.000000000
712	-9486419.000000000
713	-9484290.000000000
714	-9513582.000000000
715	-9572453.000000000
716	-9646654.000000000
717	-9733377.000000000
718	-9838542.000000000
719	-9931828.000000000
720	-10035073.000000000
721	-10134682.000000000
722	-10227251.000000000
723	-10311308.000000000
724	-10386511.000000000
725	-10466700.000000000
726	-10548521.000000000
727	-10628952.000000000
728	-10720218.000000000
729	-10811801.000000000
730	-10905334.000000000
731	-10990916.000000000
732	-11060996.000000000
733	-11114362.000000000
734	-11138964.000000000
735	-11112832.000000000
736	-11044409.000000000
737	-10938035.000000000
738	-10816471.000000000
739	-10683138.000000000
740	-10551620.000000000
741	-10419704.000000000
742	-10273000.000000000
743	-10137064.000000000
744	-10009451.000000000
745	-9883250.000000000
746	-9767392.000000000
747	-9656530.000000000
748	-9568188.000000000
749	-9508108.000000000
750	-9485158.000000000
751	-9515987.000000000
752	-9568089.000000000
753	-9655959.000000000
754	-9767879.000000000
755	-9883258.000000000
756	-9982940.000000000
757	-10049924.000000000
758	-10074768.000000000
759	-10046363.000000000
760	-9978185.000000000
761	-9847722.000000000
762	-9694041.000000000
763	-9508132.000000000
764	-9292169.000000000
765	-9084679.000000000
766	-8887177.000000000
767	-8728941.000000000
768	-8599908.000000000
769	-8504118.000000000
770	-8429230.000000000
771	-8408874.000000000
772	-8432338.000000000
773	-8498433.000000000
774	-8599741.000000000
775	-8731286.000000000
776	-8906653.000000000
777	-9107393.000000000
778	-9317109.000000000
779	-9525444.000000000
780	-9716715.000000000
781	-9894752.000000000
782	-10053735.000000000
783	-10170614.000000000
784	-10271314.000000000
785	-10326568.000000000
786	-10336561.000000000
787	-10319098.000000000
788	-10278398.000000000
789	-10218738.000000000
790	-10150102.000000000
791	-10089494.000000000
792	-10036345.000000000
793	-9994502.000000000
794	-9969411.000000000
795	-9958391.000000000
796	-9970615.000000000
797	-10001833.000000000
798	-10042022.000000000
799	-10109101.000000000
800	-10208981.000000000
801	-10303984.000000000
802	-10409560.000000000
803	-10514431.000000000
804	-10613995.000000000
805	-10703155.000000000
806	-10791654.000000000
807	-10866680.000000000
808	-10947141.000000000
809	-11027562.000000000
810	-11102374.000000000
811	-11182106.000000000
812	-11273493.000000000
813	-11361916.000000000
814	-11438622.000000000
815	-11502039.000000000
816	-11553826.000000000
817	-11577427.000000000
818	-11569507.000000000
819	-11513233.000000000
820	-11409844.000000000
821	-11281284.000000000
822	-11152092.000000000
823	-11009588.000000000
824	-10864606.000000000
825	-10722652.000000000
826	-10576333.000000000
827	-10441658.000000000
828	-10310537.000000000
829	-10175493.000000000
830	-10046184.000000000
831	-9923309.000000000
832	-9832381.000000000
833	-9774652.000000000
834	-9756505.000000000
835	-9781941.000000000
836	-9834322.000000000
837	-9939344.000000000
838	-10042421.000000000
839	-10167517.000000000
840	-10268085.000000000
841	-10329196.000000000
842	-10349126.000000000
843	-10323142.000000000
844	-10233430.000000000
845	-10095871.000000000
846	-9922417.000000000
847	-9718651.000000000
848	-9505673.000000000
849	-9304234.000000000
850	-9115936.000000000
851	-8939688.000000000
852	-8792841.000000000
853	-8689819.000000000
854	-8614128.000000000
855	-8577352.000000000
856	-8588785.000000000
857	-8644371.000000000
858	-8739500.000000000
859	-8865480.000000000
860	-9034155.000000000
861	-9221987.000000000
862	-9422743.000000000
863	-9636215.000000000
864	-9842559.000000000
865	-10033789.000000000
866	-10196812.000000000
867	-10333793.000000000
868	-10433525.000000000
869	-10518046.000000000
870	-10556308.000000000
871	-10551646.000000000
872	-10511990.000000000
873	-10455279.000000000
874	-10383136.000000000
875	-10301766.000000000
876	-10229848.000000000
877	-10163067.000000000
878	-10111941.000000000
879	-10086146.000000000
880	-10079394.000000000
881	-10090862.000000000
882	-10117313.000000000
883	-10169109.000000000
884	-10238883.000000000
885	-10331968.000000000
886	-10430344.000000000
887	-10534844.000000000
888	-10633231.000000000
889	-10737446.000000000
890	-10826381.000000000
891	-10935381.000000000
892	-11037681.000000000
893	-11120590.000000000
894	-11206187.000000000
895	-11284978.000000000
896	-11374056.000000000
897	-11457578.000000000
898	-11527557.000000000
899	-11614548.000000000
900	-11687525.000000000
901	-11743650.000000000
902	-11776368.000000000
903	-11785673.000000000
904	-11755913.000000000
905	-11692299.000000000
906	-11590413.000000000
907	-11462591.000000000
908	-11306313.000000000
909	-11140441.000000000
910	-10989577.000000000
911	-10843215.000000000
912	-10702255.000000000
913	-10574142.000000000
914	-10455764.000000000
915	-10337531.000000000
916	-10227682.000000000
917	-10134360.000000000
918	-10070795.000000000
919	-10026850.000000000
920	-10015735.000000000
921	-10052060.000000000
922	-10116612.000000000
923	-10217072.000000000
924	-10333973.000000000
925	-10444229.000000000
926	-10553962.000000000
927	-10629116.000000000
928	-10677022.000000000
929	-10657750.000000000
930	-10577681.000000000
931	-10461120.000000000
932	-10313570.000000000
933	-10104388.000000000
934	-9877780.000000000
935	-9664674.000000000
936	-9463072.000000000
937	-9277458.000000000
938	-9128171.000000000
939	-9002998.000000000
940	-8927744.000000000
941	-8890995.000000000
942	-8914738.000000000
943	-8969010.000000000
944	-9062246.000000000
945	-9188871.000000000
946	-9342786.000000000
947	-9511479.000000000
948	-9691331.000000000
949	-9897295.000000000
950	-10104476.000000000
951	-10307240.000000000
952	-10503140.000000000
953	-10682626.000000000
954	-10810388.000000000
955	-10904615.000000000
956	-10969770.000000000
957	-10995081.000000000
958	-10973011.000000000
959	-10921682.000000000
960	-10856846.000000000
961	-10780507.000000000
962	-10700697.000000000
963	-10631723.000000000
964	-10565356.000000000
965	-10515772.000000000
966	-10485658.000000000
967	-10470783.000000000
968	-10482357.000000000
969	-10516507.000000000
970	-10569413.000000000
971	-10625454.000000000
972	-10705619.000000000
973	-10800221.000000000
974	-10906684.000000000
975	-11011510.000000000
976	-11121762.000000000
977	-11216942.000000000
978	-11315298.000000000
979	-11414337.000000000
980	-11499526.000000000
981	-11582107.000000000
982	-11669252.000000000
983	-11749228.000000000
984	-11842516.000000000
985	-11925181.000000000
986	-12008668.000000000
987	-12088747.000000000
988	-12146587.000000000
989	-12176261.000000000
990	-12188634.000000000
991	-12182944.000000000
992	-12145868.000000000
993	-12063918.000000000
994	-11948236.000000000
995	-11802094.000000000
996	-11637525.000000000
997	-11477414.000000000
998	-11308503.000000000
999	-11141177.000000000
1000	-11003076.000000000
1001	-10872769.000000000
1002	-10761496.000000000
1003	-10651136.000000000
1004	-10563941.000000000
1005	-10474780.000000000
1006	-10415152.000000000
1007	-10386149.000000000
1008	-10377671.000000000
1009	-10392764.000000000
1010	-10427593.000000000
1011	-10507157.000000000
1012	-10599418.000000000
1013	-10707900.000000000
1014	-10823018.000000000
1015	-10909576.000000000
1016	-10970531.000000000
1017	-10979323.000000000
1018	-10922416.000000000
1019	-10811316.000000000
1020	-10665924.000000000
1021	-10485360.000000000
1022	-10267684.000000000
1023	-10038862.000000000
1024	-9826661.000000000
1025	-9633063.000000000
1026	-9459378.000000000
1027	-9312561.000000000
1028	-9211995.000000000
1029	-9147586.000000000
1030	-9122332.000000000
1031	-9159221.000000000
1032	-9226392.000000000
1033	-9322017.000000000
1034	-9431346.000000000
1035	-9580762.000000000
1036	-9766303.000000000
1037	-9976029.000000000
1038	-10177574.000000000
1039	-10399270.000000000
1040	-10608690.000000000
1041	-10786922.000000000
1042	-10940049.000000000
1043	-11060345.000000000
1044	-11144154.000000000
1045	-11198497.000000000
1046	-11207838.000000000
1047	-11184548.000000000
1048	-11149796.000000000
1049	-11089386.000000000
1050	-11003403.000000000
1051	-10910764.000000000
1052	-10829532.000000000
1053	-10771855.000000000
1054	-10701868.000000000
1055	-10662451.000000000
1056	-10639936.000000000
1057	-10648012.000000000
1058	-10666405.000000000
1059	-10700952.000000000
1060	-10759935.000000000
1061	-10835985.000000000
1062	-10910817.000000000
1063	-11007391.000000000
1064	-11120662.000000000
1065	-11236617.000000000
1066	-11358784.000000000
1067	-11455565.000000000
1068	-11540034.000000000
1069	-11629060.000000000
1070	-11723211.000000000
1071	-11804242.000000000
1072	-11885984.000000000
1073	-11965116.000000000
1074	-12044199.000000000
1075	-12130698.000000000
1076	-12196782.000000000
1077	-12258435.000000000
1078	-12301875.000000000
1079	-12328542.000000000
1080	-12342029.000000000
1081	-12334314.000000000
1082	-12299189.000000000
1083	-12226126.000000000
1084	-12125131.000000000
1085	-11991975.000000000
1086	-11839090.000000000
1087	-11664575.000000000
1088	-11487292.000000000
1089	-11318458.000000000
1090	-11168001.000000000
1091	-11020259.000000000
1092	-10908489.000000000
1093	-10804775.000000000
1094	-10711863.000000000
1095	-10628975.000000000
1096	-10562370.000000000
1097	-10523526.000000000
1098	-10489186.000000000
1099	-10483336.000000000
1100	-10505076.000000000
1101	-10563500.000000000
1102	-10643240.000000000
1103	-10738308.000000000
1104	-10850487.000000000
1105	-10951767.000000000
1106	-11044475.000000000
1107	-11108067.000000000
1108	-11108819.000000000
1109	-11057101.000000000
1110	-10969975.000000000
1111	-10818221.000000000
1112	-10631170.000000000
1113	-10413126.000000000
1114	-10188627.000000000
1115	-9955833.000000000
1116	-9745547.000000000
1117	-9563811.000000000
1118	-9421057.000000000
1119	-9322751.000000000
1120	-9260246.000000000
1121	-9231444.000000000
1122	-9241849.000000000
1123	-9295005.000000000
1124	-9385821.000000000
1125	-9506147.000000000
1126	-9652147.000000000
1127	-9815243.000000000
1128	-10005473.000000000
1129	-10212629.000000000
1130	-10409467.000000000
1131	-10610863.000000000
1132	-10793803.000000000
1133	-10969527.000000000
1134	-11112495.000000000
1135	-11232450.000000000
1136	-11322111.000000000
1137	-11367338.000000000
1138	-11382125.000000000
1139	-11365071.000000000
1140	-11307926.000000000
1141	-11239883.000000000
1142	-11146768.000000000
1143	-11055013.000000000
1144	-10973910.000000000
1145	-10895171.000000000
1146	-10834803.000000000
1147	-10781486.000000000
1148	-10767183.000000000
1149	-10773470.000000000
1150	-10794561.000000000
1151	-10839205.000000000
1152	-10883140.000000000
1153	-10950257.000000000
1154	-11029809.000000000
1155	-11121598.000000000
1156	-11225950.000000000
1157	-11335759.000000000
1158	-11452789.000000000
1159	-11563276.000000000
1160	-11670520.000000000
1161	-11772663.000000000
1162	-11869542.000000000
1163	-11946813.000000000
1164	-12022369.000000000
1165	-12083668.000000000
1166	-12145136.000000000
1167	-12212021.000000000
1168	-12265995.000000000
1169	-12322454.000000000
1170	-12361547.000000000
1171	-12403641.000000000
1172	-12443310.000000000
1173	-12468134.000000000
1174	-12465901.000000000
1175	-12441021.000000000
1176	-12380438.000000000
1177	-12273336.000000000
1178	-12142940.000000000
1179	-11999481.000000000
1180	-11828422.000000000
1181	-11654834.000000000
1182	-11487158.000000000
1183	-11330945.000000000
1184	-11195449.000000000
1185	-11076788.000000000
1186	-10984834.000000000
1187	-10913280.000000000
1188	-10846278.000000000
1189	-10791052.000000000
1190	-10739760.000000000
1191	-10709899.000000000
1192	-10687391.000000000
1193	-10698347.000000000
1194	-10728104.000000000
1195	-10787541.000000000
1196	-10865798.000000000
1197	-10952937.000000000
1198	-11056920.000000000
1199	-11158785.000000000
1200	-11245156.000000000
1201	-11294349.000000000
1202	-11308861.000000000
1203	-11270542.000000000
1204	-11167009.000000000
1205	-11020091.000000000
1206	-10846753.000000000
1207	-10645751.000000000
1208	-10419775.000000000
1209	-10187773.000000000
1210	-9976151.000000000
1211	-9790378.000000000
1212	-9645867.000000000
1213	-9534839.000000000
1214	-9468618.000000000
1215	-9444073.000000000
1216	-9464052.000000000
1217	-9509478.000000000
1218	-9590561.000000000
1219	-9696453.000000000
1220	-9830336.000000000
1221	-10004185.000000000
1222	-10177279.000000000
1223	-10368460.000000000
1224	-10562033.000000000
1225	-10758862.000000000
1226	-10955382.000000000
1227	-11129714.000000000
1228	-11295195.000000000
1229	-11427566.000000000
1230	-11530080.000000000
1231	-11599398.000000000
1232	-11637423.000000000
1233	-11638090.000000000
1234	-11598259.000000000
1235	-11534100.000000000
1236	-11469911.000000000
1237	-11388752.000000000
1238	-11299939.000000000
1239	-11201705.000000000
1240	-11108354.000000000
1241	-11046313.000000000
1242	-10998777.000000000
1243	-10969747.000000000
1244	-10963915.000000000
1245	-10994365.000000000
1246	-11039921.000000000
1247	-11098467.000000000
1248	-11179039.000000000
1249	-11274934.000000000
1250	-11371249.000000000
1251	-11463715.000000000
1252	-11556873.000000000
1253	-11660788.000000000
1254	-11765841.000000000
1255	-11879545.000000000
1256	-11982853.000000000
1257	-12070020.000000000
1258	-12148676.000000000
1259	-12222898.000000000
1260	-12281852.000000000
1261	-12347561.000000000
1262	-12398638.000000000
1263	-12449206.000000000
1264	-12488851.000000000
1265	-12525652.000000000
1266	-12573086.000000000
1267	-12610325.000000000
1268	-12641370.000000000
1269	-12656343.000000000
1270	-12652848.000000000
1271	-12629875.000000000
1272	-12571775.000000000
1273	-12493047.000000000
1274	-12388225.000000000
1275	-12262942.000000000
1276	-12110082.000000000
1277	-11958526.000000000
1278	-11792662.000000000
1279	-11647174.000000000
1280	-11490727.000000000
1281	-11367682.000000000
1282	-11254222.000000000
1283	-11170422.000000000
1284	-11120399.000000000
1285	-11074635.000000000
1286	-11042642.000000000
1287	-11029675.000000000
1288	-11029985.000000000
1289	-11040325.000000000
1290	-11055727.000000000
1291	-11079989.000000000
1292	-11135382.000000000
1293	-11223793.000000000
1294	-11316143.000000000
1295	-11412369.000000000
1296	-11515512.000000000
1297	-11609017.000000000
1298	-11673056.000000000
1299	-11699251.000000000
1300	-11700413.000000000
1301	-11686394.000000000
1302	-11618278.000000000
1303	-11533896.000000000
1304	-11448134.000000000
1305	-11364016.000000000
1306	-11275750.000000000
1307	-11200407.000000000
1308	-11117913.000000000
1309	-11077013.000000000
1310	-11031391.000000000
1311	-11018687.000000000
1312	-10999056.000000000
1313	-11041727.000000000
1314	-11136408.000000000
1315	-11244575.000000000
1316	-11324697.000000000
1317	-11454163.000000000
1318	-11562533.000000000
1319	-11662474.000000000
1320	-11786081.000000000
1321	-11900426.000000000
1322	-11991396.000000000
1323	-12123303.000000000
1324	-12224654.000000000
1325	-12229523.000000000
1326	-12266064.000000000
1327	NaN
