X	Y
0	-13314657.000000000
1	-13293486.000000000
2	-13272098.000000000
3	-13314079.000000000
4	-13367157.000000000
5	-13411868.000000000
6	-13464002.000000000
7	-13527948.000000000
8	-13568470.000000000
9	-13624841.000000000
10	-13684988.000000000
11	-13777137.000000000
12	-13885576.000000000
13	-13984264.000000000
14	-14062807.000000000
15	-14135463.000000000
16	-14207983.000000000
17	-14304032.000000000
18	-14367443.000000000
19	-14430287.000000000
20	-14490289.000000000
21	-14541667.000000000
22	-14589895.000000000
23	-14621607.000000000
24	-14672383.000000000
25	-14723918.000000000
26	-14757981.000000000
27	-14792565.000000000
28	-14818758.000000000
29	-14843292.000000000
30	-14862575.000000000
31	-14895629.000000000
32	-14919835.000000000
33	-14939986.000000000
34	-14954729.000000000
35	-14963900.000000000
36	-14982710.000000000
37	-14999405.000000000
38	-15013739.000000000
39	-15023667.000000000
40	-15036212.000000000
41	-15052925.000000000
42	-15063796.000000000
43	-15084419.000000000
44	-15107894.000000000
45	-15119772.000000000
46	-15145606.000000000
47	-15160423.000000000
48	-15166399.000000000
49	-15177141.000000000
50	-15197021.000000000
51	-15206017.000000000
52	-15220052.000000000
53	-15223259.000000000
54	-15231289.000000000
55	-15240995.000000000
56	-15249518.000000000
57	-15247577.000000000
58	-15256469.000000000
59	-15269164.000000000
60	-15278710.000000000
61	-15288071.000000000
62	-15287997.000000000
63	-15296912.000000000
64	-15297624.000000000
65	-15302685.000000000
66	-15309865.000000000
67	-15315645.000000000
68	-15314887.000000000
69	-15312121.000000000
70	-15316732.000000000
71	-15320247.000000000
72	-15335597.000000000
73	-15328576.000000000
74	-15330292.000000000
75	-15335118.000000000
76	-15336347.000000000
77	-15329048.000000000
78	-15319868.000000000
79	-15319449.000000000
80	-15316617.000000000
81	-15310977.000000000
82	-15292779.000000000
83	-15280306.000000000
84	-15281280.000000000
85	-15269302.000000000
86	-15246552.000000000
87	-15222423.000000000
88	-15211850.000000000
89	-15206424.000000000
90	-15192094.000000000
91	-15172995.000000000
92	-15160867.000000000
93	-15144086.000000000
94	-15121160.000000000
95	-15105727.000000000
96	-15090358.000000000
97	-15077020.000000000
98	-15068017.000000000
99	-15057894.000000000
100	-15049890.000000000
101	-15049198.000000000
102	-15050244.000000000
103	-15052142.000000000
104	-15054102.000000000
105	-15057623.000000000
106	-15060005.000000000
107	-15065020.000000000
108	-15059961.000000000
109	-15057129.000000000
110	-15054258.000000000
111	-15051896.000000000
112	-15045436.000000000
113	-15040642.000000000
114	-15036826.000000000
115	-15025736.000000000
116	-15003626.000000000
117	-14985652.000000000
118	-14975187.000000000
119	-14945357.000000000
120	-14923658.000000000
121	-14882251.000000000
122	-14842051.000000000
123	-14782771.000000000
124	-14706960.000000000
125	-14631630.000000000
126	-14554251.000000000
127	-14459217.000000000
128	-14342576.000000000
129	-14216094.000000000
130	-14092632.000000000
131	-13970241.000000000
132	-13833354.000000000
133	-13710708.000000000
134	-13591131.000000000
135	-13494339.000000000
136	-13397762.000000000
137	-13314037.000000000
138	-13255190.000000000
139	-13215046.000000000
140	-13203320.000000000
141	-13205283.000000000
142	-13224378.000000000
143	-13272415.000000000
144	-13327458.000000000
145	-13398263.000000000
146	-13469243.000000000
147	-13557153.000000000
148	-13633564.000000000
149	-13718965.000000000
150	-13814404.000000000
151	-13918003.000000000
152	-14019725.000000000
153	-14120151.000000000
154	-14198862.000000000
155	-14274489.000000000
156	-14341437.000000000
157	-14412880.000000000
158	-14473436.000000000
159	-14523871.000000000
160	-14558247.000000000
161	-14598896.000000000
162	-14647147.000000000
163	-14680266.000000000
164	-14717022.000000000
165	-14756972.000000000
166	-14793415.000000000
167	-14827603.000000000
168	-14857320.000000000
169	-14886520.000000000
170	-14908130.000000000
171	-14924887.000000000
172	-14946587.000000000
173	-14969123.000000000
174	-14976666.000000000
175	-14980818.000000000
176	-14988323.000000000
177	-14985277.000000000
178	-14980786.000000000
179	-14989439.000000000
180	-15001179.000000000
181	-15009563.000000000
182	-15011828.000000000
183	-15020770.000000000
184	-15037739.000000000
185	-15053675.000000000
186	-15061520.000000000
187	-15080961.000000000
188	-15093943.000000000
189	-15108722.000000000
190	-15121467.000000000
191	-15141631.000000000
192	-15162132.000000000
193	-15193381.000000000
194	-15208820.000000000
195	-15217723.000000000
196	-15224567.000000000
197	-15232186.000000000
198	-15245527.000000000
199	-15258364.000000000
200	-15271312.000000000
201	-15283955.000000000
202	-15289667.000000000
203	-15293509.000000000
204	-15300749.000000000
205	-15315773.000000000
206	-15315523.000000000
207	-15312887.000000000
208	-15323394.000000000
209	-15332099.000000000
210	-15345431.000000000
211	-15344638.000000000
212	-15347175.000000000
213	-15352441.000000000
214	-15351913.000000000
215	-15356656.000000000
216	-15367869.000000000
217	-15374151.000000000
218	-15376141.000000000
219	-15380574.000000000
220	-15380681.000000000
221	-15369751.000000000
222	-15374116.000000000
223	-15384451.000000000
224	-15390794.000000000
225	-15389251.000000000
226	-15388292.000000000
227	-15385000.000000000
228	-15374918.000000000
229	-15367302.000000000
230	-15364370.000000000
231	-15355933.000000000
232	-15340887.000000000
233	-15332840.000000000
234	-15320557.000000000
235	-15304809.000000000
236	-15280138.000000000
237	-15252252.000000000
238	-15228218.000000000
239	-15206316.000000000
240	-15182485.000000000
241	-15161060.000000000
242	-15127207.000000000
243	-15102352.000000000
244	-15087231.000000000
245	-15078624.000000000
246	-15063733.000000000
247	-15045051.000000000
248	-15033486.000000000
249	-15031682.000000000
250	-15042326.000000000
251	-15044581.000000000
252	-15048191.000000000
253	-15054900.000000000
254	-15041017.000000000
255	-15048035.000000000
256	-15063631.000000000
257	-15066906.000000000
258	-15074612.000000000
259	-15083775.000000000
260	-15087814.000000000
261	-15087230.000000000
262	-15087487.000000000
263	-15087902.000000000
264	-15082209.000000000
265	-15065375.000000000
266	-15042957.000000000
267	-15020030.000000000
268	-15003767.000000000
269	-14992970.000000000
270	-14976837.000000000
271	-14959998.000000000
272	-14935233.000000000
273	-14913417.000000000
274	-14877709.000000000
275	-14832140.000000000
276	-14766511.000000000
277	-14698581.000000000
278	-14600528.000000000
279	-14486400.000000000
280	-14379121.000000000
281	-14268394.000000000
282	-14130424.000000000
283	-13981658.000000000
284	-13839765.000000000
285	-13692870.000000000
286	-13551317.000000000
287	-13425783.000000000
288	-13295835.000000000
289	-13184526.000000000
290	-13093755.000000000
291	-13030225.000000000
292	-12970529.000000000
293	-12938543.000000000
294	-12932598.000000000
295	-12946265.000000000
296	-12990774.000000000
297	-13055829.000000000
298	-13134676.000000000
299	-13212609.000000000
300	-13303852.000000000
301	-13423610.000000000
302	-13546571.000000000
303	-13672607.000000000
304	-13802269.000000000
305	-13926971.000000000
306	-14035429.000000000
307	-14145287.000000000
308	-14235230.000000000
309	-14318268.000000000
310	-14398512.000000000
311	-14474644.000000000
312	-14546378.000000000
313	-14611803.000000000
314	-14668191.000000000
315	-14727206.000000000
316	-14785175.000000000
317	-14843817.000000000
318	-14881112.000000000
319	-14919080.000000000
320	-14958758.000000000
321	-14994374.000000000
322	-15018240.000000000
323	-15027251.000000000
324	-15038705.000000000
325	-15052327.000000000
326	-15058645.000000000
327	-15060315.000000000
328	-15067629.000000000
329	-15070187.000000000
330	-15071788.000000000
331	-15072507.000000000
332	-15077385.000000000
333	-15083014.000000000
334	-15087173.000000000
335	-15087358.000000000
336	-15087035.000000000
337	-15086556.000000000
338	-15090507.000000000
339	-15099166.000000000
340	-15096321.000000000
341	-15091752.000000000
342	-15099959.000000000
343	-15107910.000000000
344	-15110948.000000000
345	-15125305.000000000
346	-15143982.000000000
347	-15152952.000000000
348	-15166792.000000000
349	-15182428.000000000
350	-15200719.000000000
351	-15217367.000000000
352	-15236968.000000000
353	-15255644.000000000
354	-15276402.000000000
355	-15288891.000000000
356	-15307799.000000000
357	-15325742.000000000
358	-15347923.000000000
359	-15361043.000000000
360	-15371601.000000000
361	-15376003.000000000
362	-15381724.000000000
363	-15379357.000000000
364	-15385617.000000000
365	-15386634.000000000
366	-15391134.000000000
367	-15392036.000000000
368	-15393569.000000000
369	-15396396.000000000
370	-15394856.000000000
371	-15395450.000000000
372	-15407523.000000000
373	-15408096.000000000
374	-15402179.000000000
375	-15406207.000000000
376	-15415681.000000000
377	-15409510.000000000
378	-15405412.000000000
379	-15412301.000000000
380	-15414550.000000000
381	-15411793.000000000
382	-15399275.000000000
383	-15399468.000000000
384	-15402499.000000000
385	-15400504.000000000
386	-15394009.000000000
387	-15397976.000000000
388	-15401046.000000000
389	-15398731.000000000
390	-15398467.000000000
391	-15386484.000000000
392	-15376897.000000000
393	-15365384.000000000
394	-15357142.000000000
395	-15347867.000000000
396	-15328462.000000000
397	-15316220.000000000
398	-15301857.000000000
399	-15288483.000000000
400	-15265962.000000000
401	-15249011.000000000
402	-15231134.000000000
403	-15205948.000000000
404	-15186863.000000000
405	-15165691.000000000
406	-15152934.000000000
407	-15139839.000000000
408	-15128367.000000000
409	-15127665.000000000
410	-15119011.000000000
411	-15107123.000000000
412	-15103275.000000000
413	-15101766.000000000
414	-15097857.000000000
415	-15100352.000000000
416	-15101879.000000000
417	-15099450.000000000
418	-15098642.000000000
419	-15086201.000000000
420	-15086216.000000000
421	-15094757.000000000
422	-15096166.000000000
423	-15093314.000000000
424	-15079405.000000000
425	-15049775.000000000
426	-15038837.000000000
427	-15026928.000000000
428	-14999385.000000000
429	-14967104.000000000
430	-14947784.000000000
431	-14930459.000000000
432	-14914526.000000000
433	-14901679.000000000
434	-14888124.000000000
435	-14873193.000000000
436	-14865589.000000000
437	-14853878.000000000
438	-14850748.000000000
439	-14839013.000000000
440	-14842483.000000000
441	-14837889.000000000
442	-14821755.000000000
443	-14804863.000000000
444	-14776027.000000000
445	-14719305.000000000
446	-14647314.000000000
447	-14577448.000000000
448	-14489275.000000000
449	-14402672.000000000
450	-14298130.000000000
451	-14189426.000000000
452	-14074493.000000000
453	-13954278.000000000
454	-13839928.000000000
455	-13727726.000000000
456	-13622116.000000000
457	-13515260.000000000
458	-13420935.000000000
459	-13336342.000000000
460	-13271289.000000000
461	-13227123.000000000
462	-13194424.000000000
463	-13172905.000000000
464	-13183836.000000000
465	-13202784.000000000
466	-13242346.000000000
467	-13277459.000000000
468	-13342809.000000000
469	-13420948.000000000
470	-13507428.000000000
471	-13610617.000000000
472	-13713120.000000000
473	-13812440.000000000
474	-13906441.000000000
475	-13999284.000000000
476	-14089434.000000000
477	-14182893.000000000
478	-14270188.000000000
479	-14347276.000000000
480	-14439686.000000000
481	-14514273.000000000
482	-14590682.000000000
483	-14652986.000000000
484	-14714372.000000000
485	-14767956.000000000
486	-14819562.000000000
487	-14868125.000000000
488	-14916951.000000000
489	-14962266.000000000
490	-15009586.000000000
491	-15057328.000000000
492	-15097278.000000000
493	-15127392.000000000
494	-15137390.000000000
495	-15160745.000000000
496	-15187477.000000000
497	-15210183.000000000
498	-15222094.000000000
499	-15232308.000000000
500	-15230062.000000000
501	-15223200.000000000
502	-15217952.000000000
503	-15211625.000000000
504	-15213880.000000000
505	-15214893.000000000
506	-15221271.000000000
507	-15231648.000000000
508	-15234375.000000000
509	-15231025.000000000
510	-15224678.000000000
511	-15222564.000000000
512	-15213916.000000000
513	-15212329.000000000
514	-15225792.000000000
515	-15228674.000000000
516	-15224854.000000000
517	-15220113.000000000
518	-15221446.000000000
519	-15220619.000000000
520	-15226644.000000000
521	-15252153.000000000
522	-15266928.000000000
523	-15275158.000000000
524	-15285760.000000000
525	-15300553.000000000
526	-15304732.000000000
527	-15314964.000000000
528	-15328303.000000000
529	-15342898.000000000
530	-15362722.000000000
531	-15382401.000000000
532	-15391129.000000000
533	-15396974.000000000
534	-15402064.000000000
535	-15415483.000000000
536	-15421373.000000000
537	-15426634.000000000
538	-15436605.000000000
539	-15443843.000000000
540	-15450243.000000000
541	-15445999.000000000
542	-15451053.000000000
543	-15460549.000000000
544	-15466267.000000000
545	-15476524.000000000
546	-15478226.000000000
547	-15483787.000000000
548	-15497320.000000000
549	-15499240.000000000
550	-15496713.000000000
551	-15491828.000000000
552	-15502347.000000000
553	-15507223.000000000
554	-15505603.000000000
555	-15500088.000000000
556	-15503368.000000000
557	-15499786.000000000
558	-15502049.000000000
559	-15502626.000000000
560	-15494291.000000000
561	-15482814.000000000
562	-15474652.000000000
563	-15472741.000000000
564	-15472498.000000000
565	-15467703.000000000
566	-15470594.000000000
567	-15466816.000000000
568	-15462987.000000000
569	-15463137.000000000
570	-15457437.000000000
571	-15451572.000000000
572	-15457005.000000000
573	-15455389.000000000
574	-15456281.000000000
575	-15463300.000000000
576	-15464265.000000000
577	-15440452.000000000
578	-15427122.000000000
579	-15422948.000000000
580	-15421227.000000000
581	-15407579.000000000
582	-15395347.000000000
583	-15373703.000000000
584	-15359580.000000000
585	-15341140.000000000
586	-15323798.000000000
587	-15302669.000000000
588	-15298471.000000000
589	-15284386.000000000
590	-15272860.000000000
591	-15258753.000000000
592	-15250090.000000000
593	-15237173.000000000
594	-15226992.000000000
595	-15218541.000000000
596	-15210498.000000000
597	-15208099.000000000
598	-15203467.000000000
599	-15199880.000000000
600	-15193085.000000000
601	-15187110.000000000
602	-15193787.000000000
603	-15189101.000000000
604	-15187249.000000000
605	-15187267.000000000
606	-15198894.000000000
607	-15200198.000000000
608	-15186287.000000000
609	-15175043.000000000
610	-15161426.000000000
611	-15146108.000000000
612	-15143719.000000000
613	-15131248.000000000
614	-15092529.000000000
615	-15071349.000000000
616	-15059644.000000000
617	-15029509.000000000
618	-15006974.000000000
619	-14980511.000000000
620	-14958624.000000000
621	-14941998.000000000
622	-14931557.000000000
623	-14929462.000000000
624	-14927609.000000000
625	-14924721.000000000
626	-14926423.000000000
627	-14920403.000000000
628	-14918938.000000000
629	-14923729.000000000
630	-14929403.000000000
631	-14921541.000000000
632	-14915536.000000000
633	-14897555.000000000
634	-14859348.000000000
635	-14819307.000000000
636	-14771374.000000000
637	-14718388.000000000
638	-14647295.000000000
639	-14573344.000000000
640	-14488347.000000000
641	-14410304.000000000
642	-14328613.000000000
643	-14239901.000000000
644	-14142755.000000000
645	-14054680.000000000
646	-13967888.000000000
647	-13878486.000000000
648	-13791501.000000000
649	-13720662.000000000
650	-13668322.000000000
651	-13610318.000000000
652	-13567920.000000000
653	-13550504.000000000
654	-13532209.000000000
655	-13531135.000000000
656	-13542658.000000000
657	-13560347.000000000
658	-13593667.000000000
659	-13632243.000000000
660	-13676824.000000000
661	-13738279.000000000
662	-13810113.000000000
663	-13885430.000000000
664	-13962966.000000000
665	-14041042.000000000
666	-14122331.000000000
667	-14207798.000000000
668	-14270990.000000000
669	-14354205.000000000
670	-14415387.000000000
671	-14473819.000000000
672	-14543461.000000000
673	-14610041.000000000
674	-14662403.000000000
675	-14720779.000000000
676	-14776349.000000000
677	-14813329.000000000
678	-14852990.000000000
679	-14904555.000000000
680	-14939881.000000000
681	-14980723.000000000
682	-15014580.000000000
683	-15058098.000000000
684	-15101964.000000000
685	-15143347.000000000
686	-15165369.000000000
687	-15198355.000000000
688	-15229781.000000000
689	-15251359.000000000
690	-15261713.000000000
691	-15278538.000000000
692	-15292874.000000000
693	-15310047.000000000
694	-15323010.000000000
695	-15333644.000000000
696	-15335161.000000000
697	-15339712.000000000
698	-15352422.000000000
699	-15354021.000000000
700	-15354071.000000000
701	-15345615.000000000
702	-15342217.000000000
703	-15338754.000000000
704	-15334138.000000000
705	-15342638.000000000
706	-15341285.000000000
707	-15335857.000000000
708	-15341528.000000000
709	-15348241.000000000
710	-15335216.000000000
711	-15329078.000000000
712	-15344459.000000000
713	-15348398.000000000
714	-15342141.000000000
715	-15341947.000000000
716	-15346785.000000000
717	-15342246.000000000
718	-15346131.000000000
719	-15358829.000000000
720	-15365295.000000000
721	-15370361.000000000
722	-15383836.000000000
723	-15393522.000000000
724	-15396315.000000000
725	-15406043.000000000
726	-15416165.000000000
727	-15422494.000000000
728	-15430105.000000000
729	-15442981.000000000
730	-15462026.000000000
731	-15473634.000000000
732	-15476902.000000000
733	-15489120.000000000
734	-15486735.000000000
735	-15486227.000000000
736	-15490130.000000000
737	-15496278.000000000
738	-15501782.000000000
739	-15509776.000000000
740	-15520206.000000000
741	-15530256.000000000
742	-15536920.000000000
743	-15535827.000000000
744	-15537370.000000000
745	-15537877.000000000
746	-15542876.000000000
747	-15545449.000000000
748	-15542309.000000000
749	-15535804.000000000
750	-15537452.000000000
751	-15547012.000000000
752	-15550673.000000000
753	-15554573.000000000
754	-15553933.000000000
755	-15554839.000000000
756	-15554404.000000000
757	-15554008.000000000
758	-15551899.000000000
759	-15549260.000000000
760	-15550352.000000000
761	-15557147.000000000
762	-15563117.000000000
763	-15568834.000000000
764	-15565184.000000000
765	-15558105.000000000
766	-15558185.000000000
767	-15561848.000000000
768	-15556136.000000000
769	-15555103.000000000
770	-15553255.000000000
771	-15551983.000000000
772	-15546028.000000000
773	-15548662.000000000
774	-15550067.000000000
775	-15546913.000000000
776	-15544737.000000000
777	-15540880.000000000
778	-15539972.000000000
779	-15541596.000000000
780	-15544616.000000000
781	-15536762.000000000
782	-15531257.000000000
783	-15526768.000000000
784	-15525207.000000000
785	-15517139.000000000
786	-15507348.000000000
787	-15496124.000000000
788	-15489094.000000000
789	-15475666.000000000
790	-15461440.000000000
791	-15456311.000000000
792	-15447283.000000000
793	-15440745.000000000
794	-15431218.000000000
795	-15414745.000000000
796	-15405994.000000000
797	-15390902.000000000
798	-15379724.000000000
799	-15366839.000000000
800	-15356327.000000000
801	-15342559.000000000
802	-15342431.000000000
803	-15331665.000000000
804	-15330813.000000000
805	-15329729.000000000
806	-15319888.000000000
807	-15322013.000000000
808	-15335507.000000000
809	-15327317.000000000
810	-15321208.000000000
811	-15317735.000000000
812	-15315279.000000000
813	-15319384.000000000
814	-15332933.000000000
815	-15346672.000000000
816	-15346210.000000000
817	-15356533.000000000
818	-15350049.000000000
819	-15359593.000000000
820	-15361651.000000000
821	-15357189.000000000
822	-15356605.000000000
823	-15353777.000000000
824	-15348222.000000000
825	-15350094.000000000
826	-15357878.000000000
827	-15363856.000000000
828	-15354107.000000000
829	-15351608.000000000
830	-15347430.000000000
831	-15336670.000000000
832	-15333226.000000000
833	-15318436.000000000
834	-15310497.000000000
835	-15299001.000000000
836	-15299662.000000000
837	-15293829.000000000
838	-15279116.000000000
839	-15261070.000000000
840	-15250758.000000000
841	-15239989.000000000
842	-15227161.000000000
843	-15208216.000000000
844	-15183327.000000000
845	-15160941.000000000
846	-15135323.000000000
847	-15116396.000000000
848	-15093001.000000000
849	-15060348.000000000
850	-15017577.000000000
851	-14968235.000000000
852	-14913575.000000000
853	-14860964.000000000
854	-14803226.000000000
855	-14748299.000000000
856	-14673533.000000000
857	-14612094.000000000
858	-14541681.000000000
859	-14469269.000000000
860	-14394845.000000000
861	-14322971.000000000
862	-14260183.000000000
863	-14201945.000000000
864	-14138483.000000000
865	-14078255.000000000
866	-14010417.000000000
867	-13959595.000000000
868	-13915670.000000000
869	-13886396.000000000
870	-13872456.000000000
871	-13878621.000000000
872	-13879889.000000000
873	-13878078.000000000
874	-13882335.000000000
875	-13903563.000000000
876	-13929262.000000000
877	-13969518.000000000
878	-14017781.000000000
879	-14074467.000000000
880	-14116732.000000000
881	-14157030.000000000
882	-14209008.000000000
883	-14265342.000000000
884	-14332712.000000000
885	-14410102.000000000
886	-14469738.000000000
887	-14524567.000000000
888	-14585938.000000000
889	-14647075.000000000
890	-14695266.000000000
891	-14743032.000000000
892	-14797259.000000000
893	-14848811.000000000
894	-14884672.000000000
895	-14931285.000000000
896	-14991555.000000000
897	-15041508.000000000
898	-15079619.000000000
899	-15108862.000000000
900	-15141631.000000000
901	-15166604.000000000
902	-15187210.000000000
903	-15211928.000000000
904	-15236255.000000000
905	-15267615.000000000
906	-15293286.000000000
907	-15314346.000000000
908	-15330915.000000000
909	-15350126.000000000
910	-15361111.000000000
911	-15382132.000000000
912	-15399661.000000000
913	-15406622.000000000
914	-15424541.000000000
915	-15437461.000000000
916	-15449510.000000000
917	-15455015.000000000
918	-15459876.000000000
919	-15468706.000000000
920	-15467416.000000000
921	-15469422.000000000
922	-15466285.000000000
923	-15475525.000000000
924	-15471429.000000000
925	-15477959.000000000
926	-15478043.000000000
927	-15476905.000000000
928	-15473257.000000000
929	-15461389.000000000
930	-15464403.000000000
931	-15460680.000000000
932	-15460938.000000000
933	-15459207.000000000
934	-15454575.000000000
935	-15455090.000000000
936	-15450473.000000000
937	-15451292.000000000
938	-15452944.000000000
939	-15449974.000000000
940	-15458492.000000000
941	-15470169.000000000
942	-15472398.000000000
943	-15473819.000000000
944	-15481790.000000000
945	-15482548.000000000
946	-15486593.000000000
947	-15479126.000000000
948	-15489518.000000000
949	-15500296.000000000
950	-15505251.000000000
951	-15507746.000000000
952	-15511711.000000000
953	-15513499.000000000
954	-15524903.000000000
955	-15528215.000000000
956	-15534547.000000000
957	-15542438.000000000
958	-15544419.000000000
959	-15547430.000000000
960	-15549204.000000000
961	-15553498.000000000
962	-15560929.000000000
963	-15560788.000000000
964	-15577158.000000000
965	-15593687.000000000
966	-15602716.000000000
967	-15595557.000000000
968	-15603805.000000000
969	-15619319.000000000
970	-15617909.000000000
971	-15618997.000000000
972	-15615841.000000000
973	-15621165.000000000
974	-15622695.000000000
975	-15623782.000000000
976	-15627429.000000000
977	-15633442.000000000
978	-15643433.000000000
979	-15653487.000000000
980	-15653227.000000000
981	-15652696.000000000
982	-15652869.000000000
983	-15660740.000000000
984	-15659823.000000000
985	-15659412.000000000
986	-15665816.000000000
987	-15678648.000000000
988	-15683902.000000000
989	-15682687.000000000
990	-15687187.000000000
991	-15682999.000000000
992	-15671639.000000000
993	-15679098.000000000
994	-15682889.000000000
995	-15672224.000000000
996	-15679270.000000000
997	-15685674.000000000
998	-15690047.000000000
999	-15686200.000000000
1000	-15685058.000000000
1001	-15687574.000000000
1002	-15689567.000000000
1003	-15692596.000000000
1004	-15692537.000000000
1005	-15688479.000000000
1006	-15682438.000000000
1007	-15686857.000000000
1008	-15688785.000000000
1009	-15684221.000000000
1010	-15683790.000000000
1011	-15687782.000000000
1012	-15691764.000000000
1013	-15688310.000000000
1014	-15688259.000000000
1015	-15686218.000000000
1016	-15673833.000000000
1017	-15664533.000000000
1018	-15659714.000000000
1019	-15664275.000000000
1020	-15660007.000000000
1021	-15655782.000000000
1022	-15656473.000000000
1023	-15656916.000000000
1024	-15655817.000000000
1025	-15649287.000000000
1026	-15651403.000000000
1027	-15649984.000000000
1028	-15645696.000000000
1029	-15639939.000000000
1030	-15627574.000000000
1031	-15620913.000000000
1032	-15622333.000000000
1033	-15625301.000000000
1034	-15621656.000000000
1035	-15613973.000000000
1036	-15611341.000000000
1037	-15602551.000000000
1038	-15584973.000000000
1039	-15590440.000000000
1040	-15592478.000000000
1041	-15591203.000000000
1042	-15582099.000000000
1043	-15576337.000000000
1044	-15558640.000000000
1045	-15551404.000000000
1046	-15552946.000000000
1047	-15546029.000000000
1048	-15534818.000000000
1049	-15532589.000000000
1050	-15520909.000000000
1051	-15515090.000000000
1052	-15516152.000000000
1053	-15511430.000000000
1054	-15505928.000000000
1055	-15497997.000000000
1056	-15492942.000000000
1057	-15485632.000000000
1058	-15486911.000000000
1059	-15493650.000000000
1060	-15492995.000000000
1061	-15485479.000000000
1062	-15486102.000000000
1063	-15486671.000000000
1064	-15492125.000000000
1065	-15502009.000000000
1066	-15514122.000000000
1067	-15519185.000000000
1068	-15527654.000000000
1069	-15542016.000000000
1070	-15547190.000000000
1071	-15545953.000000000
1072	-15548572.000000000
1073	-15552271.000000000
1074	-15554804.000000000
1075	-15561216.000000000
1076	-15567313.000000000
1077	-15575645.000000000
1078	-15573121.000000000
1079	-15577420.000000000
1080	-15578186.000000000
1081	-15579665.000000000
1082	-15575758.000000000
1083	-15574341.000000000
1084	-15579028.000000000
1085	-15582233.000000000
1086	-15583584.000000000
1087	-15587104.000000000
1088	-15585238.000000000
1089	-15586141.000000000
1090	-15589036.000000000
1091	-15589363.000000000
1092	-15585849.000000000
1093	-15582969.000000000
1094	-15573472.000000000
1095	-15569247.000000000
1096	-15568046.000000000
1097	-15569548.000000000
1098	-15563213.000000000
1099	-15557774.000000000
1100	-15550099.000000000
1101	-15545312.000000000
1102	-15540444.000000000
1103	-15528320.000000000
1104	-15523694.000000000
1105	-15512405.000000000
1106	-15496033.000000000
1107	-15487565.000000000
1108	-15489573.000000000
1109	-15474956.000000000
1110	-15454964.000000000
1111	-15446913.000000000
1112	-15436965.000000000
1113	-15425717.000000000
1114	-15413719.000000000
1115	-15394573.000000000
1116	-15373183.000000000
1117	-15348894.000000000
1118	-15330582.000000000
1119	-15308491.000000000
1120	-15277882.000000000
1121	-15257691.000000000
1122	-15236313.000000000
1123	-15198909.000000000
1124	-15159913.000000000
1125	-15123222.000000000
1126	-15099224.000000000
1127	-15061196.000000000
1128	-15022782.000000000
1129	-14972972.000000000
1130	-14937603.000000000
1131	-14892935.000000000
1132	-14847998.000000000
1133	-14800612.000000000
1134	-14749000.000000000
1135	-14694074.000000000
1136	-14645320.000000000
1137	-14603832.000000000
1138	-14578928.000000000
1139	-14558978.000000000
1140	-14531256.000000000
1141	-14502243.000000000
1142	-14489322.000000000
1143	-14482784.000000000
1144	-14471597.000000000
1145	-14456768.000000000
1146	-14450631.000000000
1147	-14448010.000000000
1148	-14453323.000000000
1149	-14464480.000000000
1150	-14476247.000000000
1151	-14506591.000000000
1152	-14527507.000000000
1153	-14551798.000000000
1154	-14572951.000000000
1155	-14599375.000000000
1156	-14639252.000000000
1157	-14680583.000000000
1158	-14719060.000000000
1159	-14750103.000000000
1160	-14788854.000000000
1161	-14830030.000000000
1162	-14874080.000000000
1163	-14909018.000000000
1164	-14947946.000000000
1165	-14981181.000000000
1166	-15012463.000000000
1167	-15048787.000000000
1168	-15083273.000000000
1169	-15133687.000000000
1170	-15176771.000000000
1171	-15207079.000000000
1172	-15231971.000000000
1173	-15260028.000000000
1174	-15297319.000000000
1175	-15329220.000000000
1176	-15360347.000000000
1177	-15388963.000000000
1178	-15410762.000000000
1179	-15437191.000000000
1180	-15455562.000000000
1181	-15483148.000000000
1182	-15511505.000000000
1183	-15533590.000000000
1184	-15537800.000000000
1185	-15559446.000000000
1186	-15578164.000000000
1187	-15595819.000000000
1188	-15604902.000000000
1189	-15611556.000000000
1190	-15624725.000000000
1191	-15632980.000000000
1192	-15647910.000000000
1193	-15656625.000000000
1194	-15657942.000000000
1195	-15664927.000000000
1196	-15663233.000000000
1197	-15670669.000000000
1198	-15687140.000000000
1199	-15693142.000000000
1200	-15693250.000000000
1201	-15697921.000000000
1202	-15705682.000000000
1203	-15713247.000000000
1204	-15713240.000000000
1205	-15714250.000000000
1206	-15709731.000000000
1207	-15715303.000000000
1208	-15732361.000000000
1209	-15741513.000000000
1210	-15753249.000000000
1211	-15750346.000000000
1212	-15753162.000000000
1213	-15756490.000000000
1214	-15757314.000000000
1215	-15759232.000000000
1216	-15760635.000000000
1217	-15758009.000000000
1218	-15757835.000000000
1219	-15758347.000000000
1220	-15757057.000000000
1221	-15752806.000000000
1222	-15755181.000000000
1223	-15758266.000000000
1224	-15760504.000000000
1225	-15762231.000000000
1226	-15761795.000000000
1227	-15754635.000000000
1228	-15745573.000000000
1229	-15739691.000000000
1230	-15731223.000000000
1231	-15732196.000000000
1232	-15726104.000000000
1233	-15726224.000000000
1234	-15727433.000000000
1235	-15725053.000000000
1236	-15726932.000000000
1237	-15725781.000000000
1238	-15720833.000000000
1239	-15718524.000000000
1240	-15721169.000000000
1241	-15729830.000000000
1242	-15731684.000000000
1243	-15729300.000000000
1244	-15728507.000000000
1245	-15734158.000000000
1246	-15743084.000000000
1247	-15738906.000000000
1248	-15753851.000000000
1249	-15750170.000000000
1250	-15746127.000000000
1251	-15750300.000000000
1252	-15749404.000000000
1253	-15747477.000000000
1254	-15740529.000000000
1255	-15751169.000000000
1256	-15760032.000000000
1257	-15762143.000000000
1258	-15770528.000000000
1259	-15778003.000000000
1260	-15790052.000000000
1261	-15800095.000000000
1262	-15807272.000000000
1263	-15806726.000000000
1264	-15811217.000000000
1265	-15822477.000000000
1266	-15829518.000000000
1267	-15841045.000000000
1268	-15852161.000000000
1269	-15859841.000000000
1270	-15867966.000000000
1271	-15867181.000000000
1272	-15862864.000000000
1273	-15866064.000000000
1274	-15865618.000000000
1275	-15863687.000000000
1276	-15860332.000000000
1277	-15871847.000000000
1278	-15887046.000000000
1279	-15892657.000000000
1280	-15893205.000000000
1281	-15897030.000000000
1282	-15891448.000000000
1283	-15895075.000000000
1284	-15897729.000000000
1285	-15898519.000000000
1286	-15886357.000000000
1287	-15882542.000000000
1288	-15883890.000000000
1289	-15895962.000000000
1290	-15893871.000000000
1291	-15895541.000000000
1292	-15894778.000000000
1293	-15893954.000000000
1294	-15890220.000000000
1295	-15902088.000000000
1296	-15913561.000000000
1297	-15909691.000000000
1298	-15905108.000000000
1299	-15907304.000000000
1300	-15907384.000000000
1301	-15916822.000000000
1302	-15931985.000000000
1303	-15938202.000000000
1304	-15943389.000000000
1305	-15947813.000000000
1306	-15967725.000000000
1307	-15984016.000000000
1308	-15999718.000000000
1309	-16018694.000000000
1310	-16024633.000000000
1311	-16025541.000000000
1312	-16031764.000000000
1313	-16016090.000000000
1314	-15992750.000000000
1315	-15986623.000000000
1316	-15994272.000000000
1317	-16025769.000000000
1318	-16043540.000000000
1319	-16056228.000000000
1320	-16057175.000000000
1321	-16056961.000000000
1322	-16034495.000000000
1323	-16049671.000000000
1324	-16044979.000000000
1325	-16065998.000000000
1326	-16070217.000000000
1327	-16047406.000000000
1328	-16018862.000000000
1329	-15977137.000000000
1330	-16074178.000000000
1331	NaN
