X	Y
0	-14649769.000000000
1	-14544297.000000000
2	-14509140.000000000
3	-14505080.000000000
4	-14438478.000000000
5	-14360605.000000000
6	-14289014.000000000
7	-14176641.000000000
8	-14038710.000000000
9	-13901676.000000000
10	-13758695.000000000
11	-13630640.000000000
12	-13523472.000000000
13	-13419652.000000000
14	-13321601.000000000
15	-13251379.000000000
16	-13213449.000000000
17	-13202274.000000000
18	-13231272.000000000
19	-13283378.000000000
20	-13346229.000000000
21	-13432313.000000000
22	-13514985.000000000
23	-13596499.000000000
24	-13692415.000000000
25	-13789902.000000000
26	-13894735.000000000
27	-13977527.000000000
28	-14068707.000000000
29	-14156677.000000000
30	-14243679.000000000
31	-14313976.000000000
32	-14386685.000000000
33	-14463364.000000000
34	-14509390.000000000
35	-14563085.000000000
36	-14616221.000000000
37	-14669059.000000000
38	-14722849.000000000
39	-14779034.000000000
40	-14828002.000000000
41	-14871271.000000000
42	-14902160.000000000
43	-14928037.000000000
44	-14946817.000000000
45	-14953920.000000000
46	-14963461.000000000
47	-14965013.000000000
48	-14960860.000000000
49	-14958568.000000000
50	-14955448.000000000
51	-14954172.000000000
52	-14952066.000000000
53	-14946943.000000000
54	-14945078.000000000
55	-14943201.000000000
56	-14940452.000000000
57	-14933933.000000000
58	-14925763.000000000
59	-14904677.000000000
60	-14880060.000000000
61	-14847155.000000000
62	-14801330.000000000
63	-14736096.000000000
64	-14670612.000000000
65	-14606170.000000000
66	-14537198.000000000
67	-14463494.000000000
68	-14373248.000000000
69	-14273597.000000000
70	-14173589.000000000
71	-14086145.000000000
72	-13984732.000000000
73	-13897626.000000000
74	-13817374.000000000
75	-13749086.000000000
76	-13698055.000000000
77	-13669171.000000000
78	-13664455.000000000
79	-13684360.000000000
80	-13720707.000000000
81	-13765784.000000000
82	-13810590.000000000
83	-13861847.000000000
84	-13919113.000000000
85	-13976318.000000000
86	-14035748.000000000
87	-14084870.000000000
88	-14129516.000000000
89	-14166001.000000000
90	-14201318.000000000
91	-14226393.000000000
92	-14255876.000000000
93	-14292841.000000000
94	-14325950.000000000
95	-14350431.000000000
96	-14374594.000000000
97	-14404649.000000000
98	-14431013.000000000
99	-14453241.000000000
100	-14466058.000000000
101	-14459713.000000000
102	-14439236.000000000
103	-14387234.000000000
104	-14307411.000000000
105	-14203126.000000000
106	-14076325.000000000
107	-13940533.000000000
108	-13793930.000000000
109	-13648407.000000000
110	-13486693.000000000
111	-13320125.000000000
112	-13177468.000000000
113	-13044623.000000000
114	-12920623.000000000
115	-12827247.000000000
116	-12750499.000000000
117	-12706952.000000000
118	-12686387.000000000
119	-12703056.000000000
120	-12737111.000000000
121	-12782244.000000000
122	-12863914.000000000
123	-12949497.000000000
124	-13049413.000000000
125	-13152314.000000000
126	-13258801.000000000
127	-13374271.000000000
128	-13482785.000000000
129	-13595500.000000000
130	-13696357.000000000
131	-13806936.000000000
132	-13907370.000000000
133	-14002402.000000000
134	-14088419.000000000
135	-14164274.000000000
136	-14241303.000000000
137	-14322933.000000000
138	-14384770.000000000
139	-14452893.000000000
140	-14505466.000000000
141	-14543174.000000000
142	-14574481.000000000
143	-14600740.000000000
144	-14606703.000000000
145	-14606974.000000000
146	-14610805.000000000
147	-14597488.000000000
148	-14567718.000000000
149	-14520469.000000000
150	-14464250.000000000
151	-14398331.000000000
152	-14325704.000000000
153	-14245289.000000000
154	-14157685.000000000
155	-14060161.000000000
156	-13971300.000000000
157	-13892342.000000000
158	-13826662.000000000
159	-13763431.000000000
160	-13710101.000000000
161	-13675372.000000000
162	-13656893.000000000
163	-13656422.000000000
164	-13671772.000000000
165	-13701377.000000000
166	-13739702.000000000
167	-13798921.000000000
168	-13861841.000000000
169	-13930783.000000000
170	-13982388.000000000
171	-14046026.000000000
172	-14115480.000000000
173	-14190334.000000000
174	-14259371.000000000
175	-14330345.000000000
176	-14399824.000000000
177	-14463264.000000000
178	-14516460.000000000
179	-14564615.000000000
180	-14604292.000000000
181	-14647024.000000000
182	-14688168.000000000
183	-14729907.000000000
184	-14772653.000000000
185	-14806459.000000000
186	-14842468.000000000
187	-14867555.000000000
188	-14883665.000000000
189	-14904904.000000000
190	-14925524.000000000
191	-14937961.000000000
192	-14948221.000000000
193	-14954241.000000000
194	-14955828.000000000
195	-14954811.000000000
196	-14952135.000000000
197	-14948486.000000000
198	-14942775.000000000
199	-14941434.000000000
200	-14947840.000000000
201	-14955852.000000000
202	-14947472.000000000
203	-14944520.000000000
204	-14941949.000000000
205	-14934508.000000000
206	-14922750.000000000
207	-14903639.000000000
208	-14890847.000000000
209	-14868006.000000000
210	-14842544.000000000
211	-14815041.000000000
212	-14766157.000000000
213	-14705409.000000000
214	-14626658.000000000
215	-14563212.000000000
216	-14498922.000000000
217	-14427334.000000000
218	-14325039.000000000
219	-14219216.000000000
220	-14112334.000000000
221	-14018216.000000000
222	-13928537.000000000
223	-13846934.000000000
224	-13774098.000000000
225	-13711521.000000000
226	-13671562.000000000
227	-13630220.000000000
228	-13602830.000000000
229	-13601360.000000000
230	-13603147.000000000
231	-13631401.000000000
232	-13661360.000000000
233	-13705564.000000000
234	-13748185.000000000
235	-13809504.000000000
236	-13872943.000000000
237	-13945661.000000000
238	-13999168.000000000
239	-14054381.000000000
240	-14105901.000000000
241	-14157887.000000000
242	-14203918.000000000
243	-14238696.000000000
244	-14261747.000000000
245	-14289118.000000000
246	-14310824.000000000
247	-14322904.000000000
248	-14351516.000000000
249	-14377764.000000000
250	-14405674.000000000
251	-14402323.000000000
252	-14416211.000000000
253	-14440727.000000000
254	-14438296.000000000
255	-14430573.000000000
256	-14393653.000000000
257	-14338640.000000000
258	-14264666.000000000
259	-14163944.000000000
260	-14045441.000000000
261	-13907696.000000000
262	-13753535.000000000
263	-13608942.000000000
264	-13459411.000000000
265	-13300195.000000000
266	-13165762.000000000
267	-13038493.000000000
268	-12919646.000000000
269	-12814976.000000000
270	-12732530.000000000
271	-12677250.000000000
272	-12636821.000000000
273	-12615293.000000000
274	-12639115.000000000
275	-12670322.000000000
276	-12736519.000000000
277	-12828118.000000000
278	-12912695.000000000
279	-13006069.000000000
280	-13131318.000000000
281	-13251660.000000000
282	-13361642.000000000
283	-13486473.000000000
284	-13595055.000000000
285	-13690416.000000000
286	-13806419.000000000
287	-13915603.000000000
288	-14003040.000000000
289	-14091817.000000000
290	-14171700.000000000
291	-14241292.000000000
292	-14308823.000000000
293	-14357927.000000000
294	-14396765.000000000
295	-14429104.000000000
296	-14455222.000000000
297	-14494001.000000000
298	-14539176.000000000
299	-14580211.000000000
300	-14608405.000000000
301	-14625314.000000000
302	-14630694.000000000
303	-14632225.000000000
304	-14620131.000000000
305	-14598211.000000000
306	-14558871.000000000
307	-14502569.000000000
308	-14433120.000000000
309	-14376335.000000000
310	-14308480.000000000
311	-14230437.000000000
312	-14140345.000000000
313	-14048572.000000000
314	-13947633.000000000
315	-13856299.000000000
316	-13774819.000000000
317	-13707614.000000000
318	-13650377.000000000
319	-13613271.000000000
320	-13583182.000000000
321	-13581589.000000000
322	-13603407.000000000
323	-13621740.000000000
324	-13655715.000000000
325	-13695919.000000000
326	-13748470.000000000
327	-13813567.000000000
328	-13876565.000000000
329	-13941287.000000000
330	-14000525.000000000
331	-14080792.000000000
332	-14163281.000000000
333	-14234754.000000000
334	-14311966.000000000
335	-14377962.000000000
336	-14435993.000000000
337	-14493235.000000000
338	-14545910.000000000
339	-14584265.000000000
340	-14627850.000000000
341	-14664086.000000000
342	-14696166.000000000
343	-14733720.000000000
344	-14767373.000000000
345	-14795907.000000000
346	-14824259.000000000
347	-14856608.000000000
348	-14890041.000000000
349	-14916988.000000000
350	-14923960.000000000
351	-14939184.000000000
352	-14958023.000000000
353	-14965753.000000000
354	-14968252.000000000
355	-14973557.000000000
356	-14973683.000000000
357	-14977239.000000000
358	-14978137.000000000
359	-14978794.000000000
360	-14977129.000000000
361	-14969957.000000000
362	-14972126.000000000
363	-14969786.000000000
364	-14966146.000000000
365	-14962674.000000000
366	-14955883.000000000
367	-14947744.000000000
368	-14945391.000000000
369	-14940105.000000000
370	-14936578.000000000
371	-14923596.000000000
372	-14909644.000000000
373	-14893545.000000000
374	-14865582.000000000
375	-14823054.000000000
376	-14774601.000000000
377	-14713269.000000000
378	-14651442.000000000
379	-14581306.000000000
380	-14496688.000000000
381	-14406426.000000000
382	-14314909.000000000
383	-14226140.000000000
384	-14133239.000000000
385	-14032116.000000000
386	-13935912.000000000
387	-13837747.000000000
388	-13752852.000000000
389	-13675725.000000000
390	-13621790.000000000
391	-13580078.000000000
392	-13542576.000000000
393	-13533192.000000000
394	-13534996.000000000
395	-13556164.000000000
396	-13591089.000000000
397	-13621009.000000000
398	-13660500.000000000
399	-13710670.000000000
400	-13760101.000000000
401	-13811270.000000000
402	-13877218.000000000
403	-13943752.000000000
404	-14007317.000000000
405	-14067055.000000000
406	-14136404.000000000
407	-14190304.000000000
408	-14235749.000000000
409	-14270406.000000000
410	-14308908.000000000
411	-14334604.000000000
412	-14357632.000000000
413	-14377462.000000000
414	-14390530.000000000
415	-14403142.000000000
416	-14420599.000000000
417	-14430787.000000000
418	-14446024.000000000
419	-14454917.000000000
420	-14463539.000000000
421	-14473698.000000000
422	-14469648.000000000
423	-14459273.000000000
424	-14436133.000000000
425	-14400236.000000000
426	-14342151.000000000
427	-14275257.000000000
428	-14174150.000000000
429	-14072015.000000000
430	-13958226.000000000
431	-13825530.000000000
432	-13689498.000000000
433	-13555079.000000000
434	-13434169.000000000
435	-13308439.000000000
436	-13180552.000000000
437	-13072187.000000000
438	-12965227.000000000
439	-12872144.000000000
440	-12801927.000000000
441	-12744409.000000000
442	-12718898.000000000
443	-12709481.000000000
444	-12739507.000000000
445	-12790732.000000000
446	-12840368.000000000
447	-12907828.000000000
448	-12997494.000000000
449	-13087392.000000000
450	-13178900.000000000
451	-13280991.000000000
452	-13398703.000000000
453	-13499453.000000000
454	-13592928.000000000
455	-13686935.000000000
456	-13782707.000000000
457	-13891740.000000000
458	-14000119.000000000
459	-14101173.000000000
460	-14185647.000000000
461	-14270709.000000000
462	-14338911.000000000
463	-14397276.000000000
464	-14446119.000000000
465	-14487910.000000000
466	-14516889.000000000
467	-14540449.000000000
468	-14562603.000000000
469	-14595144.000000000
470	-14617932.000000000
471	-14641294.000000000
472	-14657107.000000000
473	-14668618.000000000
474	-14671004.000000000
475	-14673750.000000000
476	-14672475.000000000
477	-14669014.000000000
478	-14651990.000000000
479	-14617889.000000000
480	-14582294.000000000
481	-14528972.000000000
482	-14466384.000000000
483	-14406025.000000000
484	-14339199.000000000
485	-14273743.000000000
486	-14191062.000000000
487	-14112335.000000000
488	-14020099.000000000
489	-13927778.000000000
490	-13839625.000000000
491	-13765039.000000000
492	-13703860.000000000
493	-13655809.000000000
494	-13622793.000000000
495	-13603121.000000000
496	-13595813.000000000
497	-13591745.000000000
498	-13610243.000000000
499	-13647119.000000000
500	-13688213.000000000
501	-13740542.000000000
502	-13803653.000000000
503	-13863466.000000000
504	-13919396.000000000
505	-13990606.000000000
506	-14067752.000000000
507	-14135076.000000000
508	-14207289.000000000
509	-14279927.000000000
510	-14353842.000000000
511	-14416180.000000000
512	-14477729.000000000
513	-14526816.000000000
514	-14574190.000000000
515	-14615993.000000000
516	-14663027.000000000
517	-14711568.000000000
518	-14755108.000000000
519	-14788852.000000000
520	-14822326.000000000
521	-14852256.000000000
522	-14886789.000000000
523	-14916225.000000000
524	-14939470.000000000
525	-14959831.000000000
526	-14983257.000000000
527	-14999060.000000000
528	-15013526.000000000
529	-15022668.000000000
530	-15033169.000000000
531	-15037451.000000000
532	-15038092.000000000
533	-15040410.000000000
534	-15042660.000000000
535	-15041557.000000000
536	-15036812.000000000
537	-15037653.000000000
538	-15039436.000000000
539	-15041940.000000000
540	-15041431.000000000
541	-15041229.000000000
542	-15037696.000000000
543	-15035270.000000000
544	-15030605.000000000
545	-15025040.000000000
546	-15016199.000000000
547	-15006385.000000000
548	-15000445.000000000
549	-14997380.000000000
550	-14988600.000000000
551	-14974202.000000000
552	-14962951.000000000
553	-14953243.000000000
554	-14931184.000000000
555	-14906689.000000000
556	-14873240.000000000
557	-14833619.000000000
558	-14791383.000000000
559	-14742234.000000000
560	-14681308.000000000
561	-14619879.000000000
562	-14555747.000000000
563	-14488664.000000000
564	-14412448.000000000
565	-14337490.000000000
566	-14251129.000000000
567	-14173569.000000000
568	-14082690.000000000
569	-13991348.000000000
570	-13890871.000000000
571	-13807532.000000000
572	-13733095.000000000
573	-13682410.000000000
574	-13637978.000000000
575	-13604083.000000000
576	-13584058.000000000
577	-13585190.000000000
578	-13604650.000000000
579	-13615502.000000000
580	-13643259.000000000
581	-13678854.000000000
582	-13719043.000000000
583	-13761955.000000000
584	-13807423.000000000
585	-13868511.000000000
586	-13930419.000000000
587	-14004518.000000000
588	-14066051.000000000
589	-14118739.000000000
590	-14182047.000000000
591	-14235739.000000000
592	-14292618.000000000
593	-14347501.000000000
594	-14396477.000000000
595	-14430058.000000000
596	-14465587.000000000
597	-14488131.000000000
598	-14504835.000000000
599	-14517752.000000000
600	-14526788.000000000
601	-14534460.000000000
602	-14540343.000000000
603	-14551343.000000000
604	-14557298.000000000
605	-14564858.000000000
606	-14562387.000000000
607	-14564248.000000000
608	-14569247.000000000
609	-14573404.000000000
610	-14577281.000000000
611	-14581133.000000000
612	-14577621.000000000
613	-14559065.000000000
614	-14535168.000000000
615	-14495836.000000000
616	-14417176.000000000
617	-14332981.000000000
618	-14238532.000000000
619	-14134931.000000000
620	-14026196.000000000
621	-13906141.000000000
622	-13793514.000000000
623	-13685413.000000000
624	-13581349.000000000
625	-13474388.000000000
626	-13367071.000000000
627	-13269026.000000000
628	-13169563.000000000
629	-13078816.000000000
630	-13017255.000000000
631	-12970974.000000000
632	-12943465.000000000
633	-12935405.000000000
634	-12949211.000000000
635	-12974237.000000000
636	-13010844.000000000
637	-13072215.000000000
638	-13141906.000000000
639	-13217428.000000000
640	-13291166.000000000
641	-13375841.000000000
642	-13466912.000000000
643	-13560241.000000000
644	-13649148.000000000
645	-13733386.000000000
646	-13827511.000000000
647	-13936566.000000000
648	-14033842.000000000
649	-14123619.000000000
650	-14207978.000000000
651	-14294318.000000000
652	-14365107.000000000
653	-14423618.000000000
654	-14467588.000000000
655	-14511806.000000000
656	-14558401.000000000
657	-14602565.000000000
658	-14631747.000000000
659	-14660950.000000000
660	-14690009.000000000
661	-14716007.000000000
662	-14733658.000000000
663	-14754854.000000000
664	-14772263.000000000
665	-14783005.000000000
666	-14800787.000000000
667	-14811022.000000000
668	-14819676.000000000
669	-14821553.000000000
670	-14820933.000000000
671	-14815501.000000000
672	-14804564.000000000
673	-14784478.000000000
674	-14765657.000000000
675	-14739791.000000000
676	-14700241.000000000
677	-14666895.000000000
678	-14618177.000000000
679	-14568364.000000000
680	-14509659.000000000
681	-14441741.000000000
682	-14376583.000000000
683	-14297793.000000000
684	-14225637.000000000
685	-14144901.000000000
686	-14079368.000000000
687	-14006606.000000000
688	-13931636.000000000
689	-13873739.000000000
690	-13831879.000000000
691	-13786432.000000000
692	-13756737.000000000
693	-13737577.000000000
694	-13733421.000000000
695	-13735848.000000000
696	-13750108.000000000
697	-13775351.000000000
698	-13813996.000000000
699	-13863580.000000000
700	-13905074.000000000
701	-13961259.000000000
702	-14032278.000000000
703	-14093165.000000000
704	-14166368.000000000
705	-14226714.000000000
706	-14286922.000000000
707	-14353852.000000000
708	-14420926.000000000
709	-14485429.000000000
710	-14535872.000000000
711	-14588762.000000000
712	-14636641.000000000
713	-14679093.000000000
714	-14725330.000000000
715	-14768211.000000000
716	-14808274.000000000
717	-14843738.000000000
718	-14877736.000000000
719	-14913568.000000000
720	-14945880.000000000
721	-14973192.000000000
722	-14995744.000000000
723	-15020714.000000000
724	-15048610.000000000
725	-15061895.000000000
726	-15076076.000000000
727	-15088540.000000000
728	-15107821.000000000
729	-15119797.000000000
730	-15129868.000000000
731	-15129700.000000000
732	-15130734.000000000
733	-15132388.000000000
734	-15135150.000000000
735	-15137200.000000000
736	-15140078.000000000
737	-15146285.000000000
738	-15147319.000000000
739	-15150593.000000000
740	-15152834.000000000
741	-15152881.000000000
742	-15148190.000000000
743	-15143845.000000000
744	-15147953.000000000
745	-15146029.000000000
746	-15145585.000000000
747	-15142057.000000000
748	-15135374.000000000
749	-15135556.000000000
750	-15131833.000000000
751	-15127600.000000000
752	-15117290.000000000
753	-15109151.000000000
754	-15104242.000000000
755	-15096959.000000000
756	-15090425.000000000
757	-15082634.000000000
758	-15073444.000000000
759	-15073324.000000000
760	-15067426.000000000
761	-15055133.000000000
762	-15040179.000000000
763	-15016825.000000000
764	-14999627.000000000
765	-14975768.000000000
766	-14944036.000000000
767	-14906408.000000000
768	-14862428.000000000
769	-14810344.000000000
770	-14755992.000000000
771	-14701083.000000000
772	-14652807.000000000
773	-14585912.000000000
774	-14516276.000000000
775	-14449106.000000000
776	-14378639.000000000
777	-14302210.000000000
778	-14228514.000000000
779	-14154783.000000000
780	-14090861.000000000
781	-14025384.000000000
782	-13967909.000000000
783	-13915061.000000000
784	-13874225.000000000
785	-13840035.000000000
786	-13812791.000000000
787	-13804812.000000000
788	-13796856.000000000
789	-13801571.000000000
790	-13807001.000000000
791	-13830303.000000000
792	-13869281.000000000
793	-13902813.000000000
794	-13944931.000000000
795	-13994151.000000000
796	-14039253.000000000
797	-14099047.000000000
798	-14165099.000000000
799	-14221343.000000000
800	-14265599.000000000
801	-14330524.000000000
802	-14386636.000000000
803	-14441755.000000000
804	-14483217.000000000
805	-14516625.000000000
806	-14558357.000000000
807	-14599147.000000000
808	-14634495.000000000
809	-14663022.000000000
810	-14685560.000000000
811	-14704415.000000000
812	-14727650.000000000
813	-14744863.000000000
814	-14754974.000000000
815	-14767591.000000000
816	-14784043.000000000
817	-14794147.000000000
818	-14794248.000000000
819	-14792402.000000000
820	-14787297.000000000
821	-14795441.000000000
822	-14800115.000000000
823	-14803005.000000000
824	-14809602.000000000
825	-14805755.000000000
826	-14807563.000000000
827	-14808146.000000000
828	-14810723.000000000
829	-14805297.000000000
830	-14784782.000000000
831	-14762473.000000000
832	-14740652.000000000
833	-14711693.000000000
834	-14674133.000000000
835	-14634107.000000000
836	-14581863.000000000
837	-14523033.000000000
838	-14452420.000000000
839	-14384182.000000000
840	-14297557.000000000
841	-14220719.000000000
842	-14137006.000000000
843	-14050747.000000000
844	-13960123.000000000
845	-13870422.000000000
846	-13792004.000000000
847	-13717568.000000000
848	-13650859.000000000
849	-13596132.000000000
850	-13556875.000000000
851	-13523423.000000000
852	-13496682.000000000
853	-13479444.000000000
854	-13479747.000000000
855	-13485015.000000000
856	-13504142.000000000
857	-13528663.000000000
858	-13548627.000000000
859	-13582846.000000000
860	-13633828.000000000
861	-13684423.000000000
862	-13738043.000000000
863	-13792879.000000000
864	-13866413.000000000
865	-13946508.000000000
866	-14032452.000000000
867	-14109524.000000000
868	-14186987.000000000
869	-14253491.000000000
870	-14320666.000000000
871	-14386852.000000000
872	-14445906.000000000
873	-14514315.000000000
874	-14559918.000000000
875	-14616590.000000000
876	-14664857.000000000
877	-14710667.000000000
878	-14744061.000000000
879	-14792138.000000000
880	-14832019.000000000
881	-14865808.000000000
882	-14894940.000000000
883	-14923790.000000000
884	-14947918.000000000
885	-14973864.000000000
886	-14988647.000000000
887	-14994697.000000000
888	-15013132.000000000
889	-15026122.000000000
890	-15037006.000000000
891	-15035476.000000000
892	-15041569.000000000
893	-15043947.000000000
894	-15055210.000000000
895	-15061416.000000000
896	-15070364.000000000
897	-15076701.000000000
898	-15078547.000000000
899	-15083107.000000000
900	-15078060.000000000
901	-15068532.000000000
902	-15052222.000000000
903	-15038463.000000000
904	-15022022.000000000
905	-14996320.000000000
906	-14966656.000000000
907	-14932351.000000000
908	-14887657.000000000
909	-14843178.000000000
910	-14798256.000000000
911	-14753503.000000000
912	-14703195.000000000
913	-14649734.000000000
914	-14592820.000000000
915	-14536153.000000000
916	-14472417.000000000
917	-14420066.000000000
918	-14374015.000000000
919	-14331711.000000000
920	-14291528.000000000
921	-14255291.000000000
922	-14228915.000000000
923	-14204045.000000000
924	-14175564.000000000
925	-14161654.000000000
926	-14151865.000000000
927	-14140030.000000000
928	-14139902.000000000
929	-14146680.000000000
930	-14156208.000000000
931	-14179287.000000000
932	-14204569.000000000
933	-14224321.000000000
934	-14259382.000000000
935	-14290406.000000000
936	-14335710.000000000
937	-14372953.000000000
938	-14413532.000000000
939	-14468178.000000000
940	-14517875.000000000
941	-14564009.000000000
942	-14617592.000000000
943	-14664325.000000000
944	-14706830.000000000
945	-14752913.000000000
946	-14800468.000000000
947	-14839710.000000000
948	-14881212.000000000
949	-14922634.000000000
950	-14951814.000000000
951	-14981273.000000000
952	-15017751.000000000
953	-15042943.000000000
954	-15069017.000000000
955	-15091524.000000000
956	-15122495.000000000
957	-15141104.000000000
958	-15162923.000000000
959	-15181792.000000000
960	-15203787.000000000
961	-15222788.000000000
962	-15240046.000000000
963	-15253992.000000000
964	-15269487.000000000
965	-15283269.000000000
966	-15293217.000000000
967	-15294357.000000000
968	-15304276.000000000
969	-15315600.000000000
970	-15321620.000000000
971	-15322958.000000000
972	-15329694.000000000
973	-15332207.000000000
974	-15331132.000000000
975	-15331969.000000000
976	-15331429.000000000
977	-15340528.000000000
978	-15344550.000000000
979	-15343699.000000000
980	-15354133.000000000
981	-15362843.000000000
982	-15373633.000000000
983	-15371046.000000000
984	-15370712.000000000
985	-15368542.000000000
986	-15366485.000000000
987	-15367834.000000000
988	-15369371.000000000
989	-15374194.000000000
990	-15369780.000000000
991	-15365284.000000000
992	-15362863.000000000
993	-15358063.000000000
994	-15354345.000000000
995	-15355748.000000000
996	-15350038.000000000
997	-15341591.000000000
998	-15332245.000000000
999	-15332455.000000000
1000	-15326436.000000000
1001	-15320472.000000000
1002	-15312516.000000000
1003	-15308224.000000000
1004	-15307525.000000000
1005	-15301052.000000000
1006	-15299139.000000000
1007	-15298261.000000000
1008	-15290272.000000000
1009	-15276116.000000000
1010	-15268896.000000000
1011	-15258996.000000000
1012	-15245932.000000000
1013	-15232686.000000000
1014	-15214830.000000000
1015	-15201595.000000000
1016	-15179253.000000000
1017	-15157905.000000000
1018	-15133990.000000000
1019	-15106613.000000000
1020	-15077492.000000000
1021	-15040818.000000000
1022	-15005479.000000000
1023	-14973304.000000000
1024	-14928379.000000000
1025	-14880560.000000000
1026	-14832626.000000000
1027	-14783557.000000000
1028	-14740992.000000000
1029	-14695804.000000000
1030	-14643069.000000000
1031	-14599999.000000000
1032	-14562793.000000000
1033	-14512976.000000000
1034	-14467832.000000000
1035	-14434754.000000000
1036	-14406087.000000000
1037	-14377474.000000000
1038	-14360581.000000000
1039	-14350169.000000000
1040	-14333848.000000000
1041	-14320720.000000000
1042	-14318668.000000000
1043	-14319041.000000000
1044	-14314862.000000000
1045	-14326726.000000000
1046	-14331281.000000000
1047	-14346738.000000000
1048	-14360824.000000000
1049	-14382708.000000000
1050	-14403499.000000000
1051	-14425169.000000000
1052	-14449242.000000000
1053	-14492575.000000000
1054	-14524692.000000000
1055	-14564641.000000000
1056	-14594565.000000000
1057	-14639685.000000000
1058	-14674548.000000000
1059	-14709545.000000000
1060	-14751150.000000000
1061	-14791192.000000000
1062	-14830936.000000000
1063	-14867306.000000000
1064	-14907177.000000000
1065	-14947771.000000000
1066	-14978173.000000000
1067	-15006950.000000000
1068	-15036876.000000000
1069	-15067592.000000000
1070	-15086326.000000000
1071	-15104195.000000000
1072	-15119723.000000000
1073	-15143226.000000000
1074	-15160190.000000000
1075	-15165421.000000000
1076	-15170557.000000000
1077	-15171799.000000000
1078	-15172385.000000000
1079	-15174958.000000000
1080	-15174108.000000000
1081	-15171031.000000000
1082	-15173347.000000000
1083	-15177067.000000000
1084	-15180152.000000000
1085	-15182143.000000000
1086	-15181047.000000000
1087	-15180212.000000000
1088	-15181295.000000000
1089	-15182645.000000000
1090	-15183278.000000000
1091	-15185826.000000000
1092	-15187541.000000000
1093	-15191430.000000000
1094	-15194643.000000000
1095	-15191500.000000000
1096	-15188499.000000000
1097	-15177436.000000000
1098	-15163352.000000000
1099	-15139666.000000000
1100	-15125668.000000000
1101	-15108083.000000000
1102	-15090059.000000000
1103	-15061015.000000000
1104	-15035871.000000000
1105	-15011481.000000000
1106	-14977585.000000000
1107	-14939488.000000000
1108	-14895025.000000000
1109	-14854879.000000000
1110	-14816174.000000000
1111	-14770845.000000000
1112	-14725637.000000000
1113	-14678166.000000000
1114	-14628307.000000000
1115	-14581598.000000000
1116	-14541859.000000000
1117	-14499098.000000000
1118	-14449341.000000000
1119	-14412873.000000000
1120	-14377664.000000000
1121	-14358644.000000000
1122	-14340170.000000000
1123	-14326230.000000000
1124	-14310214.000000000
1125	-14297610.000000000
1126	-14292888.000000000
1127	-14287458.000000000
1128	-14283218.000000000
1129	-14283518.000000000
1130	-14287236.000000000
1131	-14289978.000000000
1132	-14302143.000000000
1133	-14320098.000000000
1134	-14329866.000000000
1135	-14355476.000000000
1136	-14386175.000000000
1137	-14414156.000000000
1138	-14441357.000000000
1139	-14475348.000000000
1140	-14504088.000000000
1141	-14545109.000000000
1142	-14589217.000000000
1143	-14628204.000000000
1144	-14673072.000000000
1145	-14710600.000000000
1146	-14754148.000000000
1147	-14794155.000000000
1148	-14833852.000000000
1149	-14878162.000000000
1150	-14913827.000000000
1151	-14953405.000000000
1152	-14989816.000000000
1153	-15030388.000000000
1154	-15061453.000000000
1155	-15094597.000000000
1156	-15125530.000000000
1157	-15149267.000000000
1158	-15175763.000000000
1159	-15200784.000000000
1160	-15218457.000000000
1161	-15234056.000000000
1162	-15251891.000000000
1163	-15271210.000000000
1164	-15294886.000000000
1165	-15314413.000000000
1166	-15327505.000000000
1167	-15343304.000000000
1168	-15361814.000000000
1169	-15374562.000000000
1170	-15379563.000000000
1171	-15386118.000000000
1172	-15394003.000000000
1173	-15394113.000000000
1174	-15395649.000000000
1175	-15393477.000000000
1176	-15399941.000000000
1177	-15405310.000000000
1178	-15407278.000000000
1179	-15406070.000000000
1180	-15411019.000000000
1181	-15415454.000000000
1182	-15422502.000000000
1183	-15423402.000000000
1184	-15421607.000000000
1185	-15416737.000000000
1186	-15419034.000000000
1187	-15417354.000000000
1188	-15423509.000000000
1189	-15422298.000000000
1190	-15417800.000000000
1191	-15414082.000000000
1192	-15408214.000000000
1193	-15397101.000000000
1194	-15375321.000000000
1195	-15362387.000000000
1196	-15340108.000000000
1197	-15324895.000000000
1198	-15312670.000000000
1199	-15301404.000000000
1200	-15279308.000000000
1201	-15255296.000000000
1202	-15234827.000000000
1203	-15214225.000000000
1204	-15195154.000000000
1205	-15173593.000000000
1206	-15150311.000000000
1207	-15129712.000000000
1208	-15102373.000000000
1209	-15078433.000000000
1210	-15048032.000000000
1211	-15012973.000000000
1212	-14978714.000000000
1213	-14954845.000000000
1214	-14928169.000000000
1215	-14892264.000000000
1216	-14859989.000000000
1217	-14826779.000000000
1218	-14804749.000000000
1219	-14790097.000000000
1220	-14783128.000000000
1221	-14770308.000000000
1222	-14766537.000000000
1223	-14766858.000000000
1224	-14768966.000000000
1225	-14769595.000000000
1226	-14771777.000000000
1227	-14775418.000000000
1228	-14777015.000000000
1229	-14782075.000000000
1230	-14784335.000000000
1231	-14793878.000000000
1232	-14809011.000000000
1233	-14828601.000000000
1234	-14852868.000000000
1235	-14874680.000000000
1236	-14903270.000000000
1237	-14930919.000000000
1238	-14962460.000000000
1239	-14979235.000000000
1240	-15001448.000000000
1241	-15031605.000000000
1242	-15068274.000000000
1243	-15100926.000000000
1244	-15124005.000000000
1245	-15145308.000000000
1246	-15167423.000000000
1247	-15193449.000000000
1248	-15215417.000000000
1249	-15247486.000000000
1250	-15273418.000000000
1251	-15292690.000000000
1252	-15309433.000000000
1253	-15332866.000000000
1254	-15350526.000000000
1255	-15371436.000000000
1256	-15401915.000000000
1257	-15428937.000000000
1258	-15451486.000000000
1259	-15466534.000000000
1260	-15485243.000000000
1261	-15498183.000000000
1262	-15510307.000000000
1263	-15521316.000000000
1264	-15539187.000000000
1265	-15554386.000000000
1266	-15561582.000000000
1267	-15576834.000000000
1268	-15590371.000000000
1269	-15600688.000000000
1270	-15609347.000000000
1271	-15613033.000000000
1272	-15619995.000000000
1273	-15632282.000000000
1274	-15637982.000000000
1275	-15643230.000000000
1276	-15647314.000000000
1277	-15659228.000000000
1278	-15665176.000000000
1279	-15670361.000000000
1280	-15668047.000000000
1281	-15677168.000000000
1282	-15690326.000000000
1283	-15701308.000000000
1284	-15703105.000000000
1285	-15704310.000000000
1286	-15707557.000000000
1287	-15712768.000000000
1288	-15721419.000000000
1289	-15726016.000000000
1290	-15730859.000000000
1291	-15733654.000000000
1292	-15740337.000000000
1293	-15745603.000000000
1294	-15752633.000000000
1295	-15758191.000000000
1296	-15766125.000000000
1297	-15776784.000000000
1298	-15784173.000000000
1299	-15794680.000000000
1300	-15801476.000000000
1301	-15807735.000000000
1302	-15818886.000000000
1303	-15829576.000000000
1304	-15844015.000000000
1305	-15867123.000000000
1306	-15882059.000000000
1307	-15872325.000000000
1308	-15862674.000000000
1309	-15856355.000000000
1310	-15867788.000000000
1311	-15886824.000000000
1312	-15929689.000000000
1313	-15948713.000000000
1314	-15948737.000000000
1315	-15982178.000000000
1316	-16004994.000000000
1317	-16003965.000000000
1318	-15996650.000000000
1319	-15995171.000000000
1320	-15979690.000000000
1321	-15961241.000000000
1322	-15972311.000000000
1323	-15936394.000000000
1324	NaN
