   496,0
     8,0       0,003737
    10,0       0,019431
    12,0       0,009480
    14,0       0,012165
    16,0       0,000072
    18,0       0,020649
    20,0       0,044742
    22,0       0,028619
    24,0       0,002931
    26,0       0,062084
    28,0       0,030295
    30,0       0,007464
    32,0       0,000940
    34,0       0,005633
    36,0       0,015867
    38,0       0,000476
    40,0       0,003396
    42,0       0,041613
    44,0       0,018966
    46,0       0,033006
    48,0       0,078595
    50,0       0,350500
    52,0       0,253427
    54,0       0,062400
    56,0       0,009548
    58,0       0,013812
    60,0       0,029434
    62,0       0,000483
    64,0       0,018197
    66,0       0,113023
    68,0       0,035958
    70,0       0,019460
    72,0       0,064901
    74,0       0,013130
    76,0       0,104448
    78,0       0,008715
    80,0       0,064511
    82,0       0,015017
    84,0       0,085684
    86,0       0,003015
    88,0       0,001423
    90,0       0,036697
    92,0       0,024272
    94,0       0,083841
    96,0       0,067638
    98,0       0,120874
   100,0       0,003841
   102,0       0,016801
   104,0       0,014831
   106,0       0,028982
   108,0       0,013810
   110,0       0,018006
   112,0       0,012997
   114,0       0,033959
   116,0       0,003492
   118,0       0,041137
   120,0       0,100697
   122,0       0,017777
   124,0       0,024609
   126,0       0,008492
   128,0       0,061183
   130,0       0,012947
   132,0       0,010102
   134,0       0,031001
   136,0       0,011536
   138,0       0,100049
   140,0       0,065189
   142,0       0,036581
   144,0       0,087150
   146,0       0,011168
   148,0       0,051924
   150,0       0,015407
   152,0       0,182686
   154,0       0,135486
   156,0       0,053901
   158,0       0,037110
   160,0       0,077731
   162,0       0,032498
   164,0       0,054325
   166,0       0,003030
   168,0       0,032179
   170,0       0,002898
   172,0       0,056899
   174,0       0,016130
   176,0       0,042202
   178,0       0,022515
   180,0       0,018187
   182,0       0,037914
   184,0       0,058325
   186,0       0,092252
   188,0       0,025631
   190,0       0,016920
   192,0       0,008686
   194,0       0,030448
   196,0       0,083256
   198,0       0,010839
   200,0       0,066034
   202,0       0,025200
   204,0       0,011628
   206,0       0,040969
   208,0       0,019393
   210,0       0,064970
   212,0       0,010215
   214,0       0,106321
   216,0       0,098981
   218,0       0,048520
   220,0       0,076861
   222,0       0,022687
   224,0       0,029913
   226,0       0,082313
   228,0       0,129005
   230,0       0,102506
   232,0       0,146465
   234,0       0,024077
   236,0       0,089221
   238,0       0,064223
   240,0       0,044046
   242,0       0,090305
   244,0       0,041634
   246,0       0,150248
   248,0       0,064905
   250,0       0,278345
   252,0       0,065775
   254,0       0,065000
   256,0       0,065511
   258,0       0,054023
   260,0       0,070057
   262,0       0,019843
   264,0       0,238899
   266,0       0,050038
   268,0       0,040173
   270,0       0,003875
   272,0       0,043363
   274,0       0,280414
   276,0       0,073478
   278,0       0,089697
   280,0       0,129528
   282,0       0,080345
   284,0       0,102835
   286,0       0,151990
   288,0       0,161552
   290,0       0,188104
   292,0       0,060761
   294,0       0,157365
   296,0       0,066188
   298,0       0,094801
   300,0       0,136456
   302,0       0,066563
   304,0       0,197429
   306,0       0,098734
   308,0       0,094593
   310,0       0,271203
   312,0       0,129594
   314,0       0,190060
   316,0       0,090239
   318,0       0,395052
   320,0       0,270174
   322,0       0,324743
   324,0       0,445369
   326,0       0,690103
   328,0       0,986118
   330,0       1,018133
   332,0       0,829035
   334,0       1,162352
   336,0       0,346345
   338,0       0,294325
   340,0       0,109291
   342,0       0,365177
   344,0       0,130428
   346,0       0,092030
   348,0       0,143312
   350,0       0,312868
   352,0       0,313984
   354,0       0,723972
   356,0       0,677626
   358,0       1,556927
   360,0       0,912774
   362,0       1,513463
   364,0       1,078741
   366,0       1,400260
   368,0       2,595537
   370,0       5,110299
   372,0       7,315234
   374,0      12,317403
   376,0      13,998746
   378,0      11,765501
   380,0      10,816992
   382,0      10,132336
   384,0       6,286695
   386,0       4,153838
   388,0       2,224534
   390,0       1,734624
   392,0       1,260867
   394,0       0,738461
   396,0       0,384043
   398,0       0,164570
   400,0       0,133178
   402,0       0,302657
   404,0       0,401182
   406,0       1,037185
   408,0       1,985570
   410,0       2,978885
   412,0       2,728535
   414,0       2,302946
   416,0       1,722230
   418,0       1,672678
   420,0       1,281398
   422,0       0,755312
   424,0       1,461789
   426,0       0,414268
   428,0       0,225066
   430,0       0,457967
   432,0       0,304526
   434,0       0,334361
   436,0       0,087654
   438,0       0,056307
   440,0       0,038982
   442,0       0,005460
   444,0       0,048338
   446,0       0,007479
   448,0       0,083448
   450,0       0,226250
   452,0       0,235488
   454,0       0,588815
   456,0       0,616101
   458,0       1,677757
   460,0       2,324356
   462,0       1,404427
   464,0       1,319972
   466,0       1,199123
   468,0       0,787901
   470,0       0,797660
   472,0       0,444632
   474,0       0,777262
   476,0       0,179171
   478,0       0,360519
   480,0       0,452645
   482,0       0,474068
   484,0       0,073240
   486,0       0,585430
   488,0       0,170642
   490,0       0,244012
   492,0       0,080388
   494,0       0,198503
   496,0       0,329886
   498,0       0,233598
   500,0       0,116642
   502,0       0,037684
   504,0       0,088086
   506,0       0,044986
   508,0       0,146267
   510,0       0,116626
   512,0       0,144094
   514,0       0,095229
   516,0       0,238011
   518,0       0,106194
   520,0       0,256085
   522,0       0,077277
   524,0       0,152909
   526,0       0,003452
   528,0       0,052038
   530,0       0,008882
   532,0       0,031732
   534,0       0,035360
   536,0       0,028209
   538,0       0,173504
   540,0       0,052861
   542,0       0,034833
   544,0       0,021009
   546,0       0,162287
   548,0       0,100242
   550,0       0,187563
   552,0       0,092310
   554,0       0,052701
   556,0       0,104841
   558,0       0,020111
   560,0       0,003645
   562,0       0,087247
   564,0       0,089370
   566,0       0,138321
   568,0       0,048069
   570,0       0,163710
   572,0       0,030337
   574,0       0,080316
   576,0       0,047665
   578,0       0,029780
   580,0       0,114974
   582,0       0,039537
   584,0       0,097505
   586,0       0,024461
   588,0       0,153641
   590,0       0,005861
   592,0       0,072404
   594,0       0,171609
   596,0       0,085877
   598,0       0,000728
   600,0       0,022531
   602,0       0,067996
   604,0       0,035612
   606,0       0,106514
   608,0       0,072602
   610,0       0,062923
   612,0       0,100963
   614,0       0,140501
   616,0       0,016990
   618,0       0,011686
   620,0       0,087270
   622,0       0,013288
   624,0       0,115395
   626,0       0,027899
   628,0       0,155368
   630,0       0,017152
   632,0       0,034106
   634,0       0,146279
   636,0       0,026993
   638,0       0,054726
   640,0       0,052732
   642,0       0,068061
   644,0       0,043602
   646,0       0,035736
   648,0       0,062552
   650,0       0,015002
   652,0       0,027386
   654,0       0,059824
   656,0       0,006303
   658,0       0,005856
   660,0       0,126610
   662,0       0,081998
   664,0       0,061115
   666,0       0,009650
   668,0       0,015773
   670,0       0,015204
   672,0       0,029006
   674,0       0,017119
   676,0       0,123939
   678,0       0,035535
   680,0       0,034542
   682,0       0,083322
   684,0       0,052799
   686,0       0,064296
   688,0       0,005636
   690,0       0,062315
   692,0       0,057241
   694,0       0,049313
   696,0       0,032941
   698,0       0,028339
   700,0       0,011536
   702,0       0,002715
   704,0       0,015063
   706,0       0,045641
   708,0       0,021661
   710,0       0,001888
   712,0       0,024158
   714,0       0,016290
   716,0       0,012433
   718,0       0,044146
   720,0       0,066508
   722,0       0,018431
   724,0       0,094392
   726,0       0,010020
   728,0       0,036021
   730,0       0,035060
   732,0       0,006176
   734,0       0,026064
   736,0       0,002215
   738,0       0,142889
   740,0       0,010487
   742,0       0,011682
   744,0       0,052882
   746,0       0,027186
   748,0       0,048050
   750,0       0,032272
   752,0       0,039562
   754,0       0,060399
   756,0       0,031760
   758,0       0,022621
   760,0       0,070268
   762,0       0,016531
   764,0       0,009513
   766,0       0,049956
   768,0       0,026668
   770,0       0,011535
   772,0       0,008000
   774,0       0,086164
   776,0       0,034174
   778,0       0,170320
   780,0       0,008357
   782,0       0,035688
   784,0       0,005804
   786,0       0,020459
   788,0       0,022794
   790,0       0,001912
   792,0       0,058928
   794,0       0,094750
   796,0       0,024646
   798,0       0,027255
   800,0       0,095370
   802,0       0,020258
   804,0       0,041196
   806,0       0,004669
   808,0       0,061739
   810,0       0,017502
   812,0       0,067247
   814,0       0,002446
   816,0       0,004356
   818,0       0,043267
   820,0       0,016634
   822,0       0,049572
   824,0       0,021426
   826,0       0,061488
   828,0       0,028608
   830,0       0,001810
   832,0       0,009809
   834,0       0,046231
   836,0       0,021887
   838,0       0,009422
   840,0       0,065258
   842,0       0,056818
   844,0       0,026524
   846,0       0,022359
   848,0       0,059653
   850,0       0,026973
   852,0       0,062359
   854,0       0,079770
   856,0       0,001639
   858,0       0,004635
   860,0       0,026762
   862,0       0,014730
   864,0       0,049254
   866,0       0,020754
   868,0       0,027129
   870,0       0,018265
   872,0       0,025076
   874,0       0,022968
   876,0       0,002921
   878,0       0,025755
   880,0       0,073263
   882,0       0,030497
   884,0       0,031208
   886,0       0,022563
   888,0       0,011443
   890,0       0,011164
   892,0       0,050572
   894,0       0,056000
   896,0       0,005129
   898,0       0,117705
   900,0       0,014606
   902,0       0,005069
   904,0       0,094644
   906,0       0,036603
   908,0       0,092922
   910,0       0,035091
   912,0       0,023880
   914,0       0,034871
   916,0       0,084589
   918,0       0,092259
   920,0       0,008619
   922,0       0,072866
   924,0       0,002760
   926,0       0,002909
   928,0       0,075891
   930,0       0,094178
   932,0       0,028624
   934,0       0,004400
   936,0       0,028953
   938,0       0,004258
   940,0       0,005387
   942,0       0,005433
   944,0       0,089973
   946,0       0,044585
   948,0       0,050480
   950,0       0,025686
   952,0       0,003060
   954,0       0,129142
   956,0       0,001894
   958,0       0,018046
   960,0       0,017857
   962,0       0,001971
   964,0       0,012622
   966,0       0,007812
   968,0       0,029336
   970,0       0,030893
   972,0       0,018842
   974,0       0,128917
   976,0       0,027817
   978,0       0,031692
   980,0       0,057615
   982,0       0,070984
   984,0       0,025761
   986,0       0,008449
   988,0       0,022928
   990,0       0,005635
   992,0       0,002278
   994,0       0,059248
   996,0       0,026633
   998,0       0,044447
