500
2,000	0,000
4,000	0,000
6,000	0,000
8,000	0,000
10,000	0,000
12,000	0,000
14,000	0,000
16,000	0,000
18,000	0,000
20,000	0,000
22,000	0,000
24,000	0,000
26,000	0,000
28,000	0,000
30,000	0,000
32,000	0,000
34,000	0,000
36,000	0,000
38,000	0,000
40,000	0,000
42,000	0,000
44,000	0,000
46,000	0,000
48,000	0,000
50,000	0,000
52,000	0,000
54,000	0,000
56,000	0,000
58,000	0,000
60,000	0,000
62,000	0,000
64,000	0,000
66,000	0,000
68,000	0,000
70,000	0,000
72,000	0,000
74,000	0,000
76,000	0,000
78,000	0,000
80,000	0,000
82,000	0,000
84,000	0,000
86,000	0,000
88,000	0,000
90,000	0,000
92,000	0,000
94,000	0,000
96,000	0,000
98,000	0,000
100,000	0,000
102,000	0,000
104,000	0,012
106,000	0,010
108,000	0,009
110,000	0,009
112,000	0,010
114,000	0,006
116,000	0,009
118,000	0,007
120,000	0,010
122,000	0,012
124,000	0,006
126,000	0,010
128,000	0,010
130,000	0,011
132,000	0,007
134,000	0,009
136,000	0,011
138,000	0,015
140,000	0,008
142,000	0,009
144,000	0,011
146,000	0,008
148,000	0,012
150,000	0,012
152,000	0,015
154,000	0,008
156,000	0,009
158,000	0,008
160,000	0,009
162,000	0,007
164,000	0,010
166,000	0,010
168,000	0,008
170,000	0,013
172,000	0,012
174,000	0,011
176,000	0,012
178,000	0,011
180,000	0,010
182,000	0,013
184,000	0,016
186,000	0,011
188,000	0,010
190,000	0,010
192,000	0,012
194,000	0,013
196,000	0,010
198,000	0,013
200,000	0,012
202,000	0,012
204,000	0,011
206,000	0,010
208,000	0,011
210,000	0,010
212,000	0,013
214,000	0,011
216,000	0,011
218,000	0,007
220,000	0,010
222,000	0,013
224,000	0,015
226,000	0,014
228,000	0,014
230,000	0,014
232,000	0,013
234,000	0,010
236,000	0,012
238,000	0,014
240,000	0,011
242,000	0,016
244,000	0,010
246,000	0,013
248,000	0,013
250,000	0,010
252,000	0,011
254,000	0,017
256,000	0,013
258,000	0,010
260,000	0,013
262,000	0,016
264,000	0,013
266,000	0,013
268,000	0,016
270,000	0,019
272,000	0,013
274,000	0,017
276,000	0,012
278,000	0,013
280,000	0,016
282,000	0,016
284,000	0,019
286,000	0,018
288,000	0,016
290,000	0,015
292,000	0,021
294,000	0,016
296,000	0,016
298,000	0,020
300,000	0,023
302,000	0,020
304,000	0,023
306,000	0,021
308,000	0,020
310,000	0,024
312,000	0,020
314,000	0,022
316,000	0,024
318,000	0,025
320,000	0,027
322,000	0,026
324,000	0,025
326,000	0,025
328,000	0,030
330,000	0,028
332,000	0,027
334,000	0,031
336,000	0,032
338,000	0,029
340,000	0,036
342,000	0,040
344,000	0,042
346,000	0,048
348,000	0,050
350,000	0,059
352,000	0,069
354,000	0,082
356,000	0,092
358,000	0,095
360,000	0,095
362,000	0,104
364,000	0,106
366,000	0,087
368,000	0,067
370,000	0,052
372,000	0,046
374,000	0,034
376,000	0,031
378,000	0,028
380,000	0,026
382,000	0,022
384,000	0,023
386,000	0,020
388,000	0,019
390,000	0,021
392,000	0,033
394,000	0,037
396,000	0,060
398,000	0,079
400,000	0,087
402,000	0,093
404,000	0,100
406,000	0,119
408,000	0,117
410,000	0,099
412,000	0,080
414,000	0,069
416,000	0,069
418,000	0,062
420,000	0,054
422,000	0,052
424,000	0,050
426,000	0,050
428,000	0,046
430,000	0,041
432,000	0,040
434,000	0,036
436,000	0,031
438,000	0,033
440,000	0,028
442,000	0,025
444,000	0,023
446,000	0,024
448,000	0,020
450,000	0,018
452,000	0,015
454,000	0,014
456,000	0,012
458,000	0,012
460,000	0,013
462,000	0,008
464,000	0,009
466,000	0,010
468,000	0,009
470,000	0,006
472,000	0,007
474,000	0,003
476,000	0,008
478,000	0,005
480,000	0,002
482,000	0,003
484,000	0,003
486,000	0,008
488,000	0,014
490,000	0,022
492,000	0,032
494,000	0,033
496,000	0,037
498,000	0,044
500,000	0,049
502,000	0,048
504,000	0,044
506,000	0,037
508,000	0,033
510,000	0,035
512,000	0,027
514,000	0,029
516,000	0,024
518,000	0,023
520,000	0,024
522,000	0,020
524,000	0,020
526,000	0,017
528,000	0,019
530,000	0,019
532,000	0,021
534,000	0,017
536,000	0,016
538,000	0,017
540,000	0,014
542,000	0,013
544,000	0,014
546,000	0,009
548,000	0,011
550,000	0,013
552,000	0,010
554,000	0,010
556,000	0,011
558,000	0,011
560,000	0,010
562,000	0,011
564,000	0,008
566,000	0,005
568,000	0,006
570,000	0,008
572,000	0,013
574,000	0,012
576,000	0,013
578,000	0,014
580,000	0,011
582,000	0,010
584,000	0,008
586,000	0,008
588,000	0,009
590,000	0,009
592,000	0,007
594,000	0,007
596,000	0,005
598,000	0,009
600,000	0,007
602,000	0,006
604,000	0,007
606,000	0,009
608,000	0,009
610,000	0,009
612,000	0,009
614,000	0,007
616,000	0,005
618,000	0,007
620,000	0,006
622,000	0,008
624,000	0,006
626,000	0,006
628,000	0,007
630,000	0,007
632,000	0,005
634,000	0,003
636,000	0,007
638,000	0,006
640,000	0,008
642,000	0,004
644,000	0,004
646,000	0,004
648,000	0,003
650,000	0,003
652,000	0,008
654,000	0,006
656,000	0,006
658,000	0,003
660,000	0,007
662,000	0,006
664,000	0,003
666,000	0,008
668,000	0,009
670,000	0,004
672,000	0,007
674,000	0,005
676,000	0,006
678,000	0,009
680,000	0,001
682,000	0,010
684,000	0,005
686,000	0,006
688,000	0,007
690,000	0,003
692,000	0,005
694,000	0,003
696,000	0,005
698,000	0,005
700,000	0,004
702,000	0,006
704,000	0,006
706,000	0,004
708,000	0,005
710,000	0,002
712,000	0,007
714,000	0,005
716,000	0,006
718,000	0,003
720,000	0,005
722,000	0,007
724,000	0,003
726,000	0,006
728,000	0,005
730,000	0,003
732,000	0,006
734,000	0,003
736,000	0,003
738,000	0,005
740,000	0,003
742,000	0,003
744,000	0,005
746,000	0,005
748,000	0,004
750,000	0,004
752,000	0,003
754,000	0,003
756,000	0,004
758,000	0,006
760,000	0,006
762,000	0,003
764,000	0,004
766,000	0,006
768,000	0,006
770,000	0,003
772,000	0,004
774,000	0,004
776,000	0,002
778,000	0,004
780,000	0,003
782,000	0,004
784,000	0,005
786,000	0,004
788,000	0,008
790,000	0,005
792,000	0,002
794,000	0,000
796,000	0,003
798,000	0,003
800,000	0,004
802,000	0,002
804,000	0,005
806,000	0,003
808,000	0,003
810,000	0,003
812,000	0,002
814,000	0,002
816,000	0,007
818,000	0,006
820,000	0,003
822,000	0,003
824,000	0,002
826,000	0,003
828,000	0,002
830,000	0,003
832,000	0,003
834,000	0,002
836,000	0,001
838,000	0,002
840,000	0,003
842,000	0,004
844,000	0,004
846,000	0,002
848,000	0,004
850,000	0,005
852,000	0,000
854,000	0,002
856,000	0,002
858,000	0,004
860,000	0,001
862,000	0,004
864,000	0,003
866,000	0,005
868,000	0,003
870,000	0,002
872,000	0,001
874,000	0,003
876,000	0,005
878,000	0,003
880,000	0,001
882,000	0,005
884,000	0,005
886,000	0,003
888,000	0,003
890,000	0,006
892,000	0,004
894,000	0,004
896,000	0,005
898,000	0,002
900,000	0,002
902,000	0,004
904,000	0,003
906,000	0,001
908,000	0,001
910,000	0,005
912,000	0,003
914,000	0,005
916,000	0,006
918,000	0,001
920,000	0,005
922,000	0,003
924,000	0,004
926,000	0,006
928,000	0,003
930,000	0,004
932,000	0,005
934,000	0,002
936,000	0,001
938,000	0,001
940,000	0,002
942,000	0,002
944,000	0,004
946,000	0,004
948,000	0,006
950,000	0,004
952,000	0,003
954,000	0,004
956,000	0,005
958,000	0,001
960,000	0,004
962,000	0,003
964,000	0,002
966,000	0,002
968,000	0,002
970,000	0,004
972,000	0,006
974,000	0,006
976,000	0,001
978,000	0,003
980,000	0,003
982,000	0,006
984,000	0,003
986,000	0,002
988,000	0,003
990,000	0,002
992,000	0,005
994,000	0,003
996,000	0,001
998,000	0,001
1000,000	0,004
