    nm         	nm
3.099406e+002	2.115115e+002
3.093341e+002	2.113409e+002
3.087276e+002	2.112769e+002
3.081210e+002	2.111810e+002
3.075145e+002	2.109998e+002
3.069079e+002	2.107119e+002
3.063014e+002	2.105876e+002
3.056948e+002	2.103815e+002
3.050883e+002	2.101700e+002
3.044817e+002	2.099515e+002
3.038752e+002	2.097179e+002
3.032686e+002	2.094620e+002
3.026621e+002	2.091937e+002
3.020555e+002	2.089210e+002
3.014490e+002	2.086456e+002
3.008424e+002	2.083542e+002
3.002359e+002	2.080575e+002
2.996293e+002	2.077359e+002
2.990228e+002	2.073939e+002
2.984162e+002	2.070537e+002
2.978097e+002	2.066903e+002
2.972031e+002	2.063101e+002
2.965966e+002	2.059183e+002
2.959900e+002	2.055141e+002
2.953835e+002	2.051028e+002
2.947770e+002	2.046871e+002
2.941704e+002	2.042518e+002
2.935639e+002	2.038067e+002
2.929573e+002	2.033537e+002
2.923508e+002	2.028953e+002
2.917442e+002	2.024244e+002
2.911377e+002	2.019394e+002
2.905311e+002	2.014508e+002
2.899246e+002	2.009746e+002
2.893180e+002	2.004780e+002
2.887115e+002	1.999805e+002
2.881049e+002	1.994937e+002
2.874984e+002	1.989829e+002
2.868918e+002	1.984783e+002
2.862853e+002	1.979755e+002
2.856787e+002	1.974638e+002
2.850722e+002	1.969495e+002
2.844656e+002	1.964369e+002
2.838591e+002	1.959216e+002
2.832525e+002	1.954153e+002
2.826460e+002	1.948858e+002
2.820395e+002	1.943750e+002
2.814329e+002	1.938660e+002
2.808264e+002	1.933329e+002
2.802198e+002	1.928061e+002
2.796133e+002	1.922687e+002
2.790067e+002	1.917303e+002
2.784002e+002	1.911964e+002
2.777936e+002	1.906590e+002
2.771871e+002	1.901286e+002
2.765805e+002	1.896027e+002
2.759740e+002	1.890786e+002
2.753674e+002	1.885509e+002
2.747609e+002	1.880037e+002
2.741543e+002	1.874547e+002
2.735478e+002	1.869252e+002
2.729412e+002	1.863886e+002
2.723347e+002	1.858547e+002
2.717281e+002	1.853155e+002
2.711216e+002	1.847780e+002
2.705150e+002	1.842424e+002
2.699085e+002	1.837013e+002
2.693019e+002	1.831657e+002
2.686954e+002	1.826113e+002
2.680889e+002	1.820579e+002
2.674823e+002	1.815195e+002
2.668758e+002	1.809776e+002
2.662692e+002	1.804233e+002
2.656627e+002	1.798690e+002
2.650561e+002	1.793173e+002
2.644496e+002	1.787701e+002
2.638430e+002	1.782237e+002
2.632365e+002	1.776774e+002
2.626299e+002	1.771213e+002
2.620234e+002	1.765563e+002
2.614168e+002	1.760144e+002
2.608103e+002	1.754742e+002
2.602037e+002	1.749252e+002
2.595972e+002	1.743620e+002
2.589906e+002	1.738183e+002
2.583841e+002	1.732764e+002
2.577775e+002	1.727336e+002
2.571710e+002	1.721882e+002
2.565644e+002	1.716303e+002
2.559579e+002	1.710742e+002
2.553514e+002	1.705225e+002
2.547448e+002	1.699762e+002
2.541383e+002	1.694067e+002
2.535317e+002	1.688409e+002
2.529252e+002	1.682812e+002
2.523186e+002	1.677269e+002
2.517121e+002	1.671627e+002
2.511055e+002	1.666040e+002
2.504990e+002	1.660425e+002
2.498924e+002	1.654757e+002
2.492859e+002	1.649196e+002
2.486793e+002	1.643609e+002
2.480728e+002	1.637976e+002
2.474662e+002	1.632300e+002
2.468597e+002	1.626774e+002
2.462531e+002	1.621204e+002
2.456466e+002	1.615536e+002
2.450400e+002	1.610028e+002
2.444335e+002	1.604450e+002
2.438269e+002	1.598782e+002
2.432204e+002	1.593123e+002
2.426139e+002	1.587500e+002
2.420073e+002	1.581805e+002
2.414008e+002	1.576066e+002
2.407942e+002	1.570390e+002
2.401877e+002	1.564696e+002
2.395811e+002	1.558948e+002
2.389746e+002	1.553280e+002
2.383680e+002	1.547630e+002
2.377615e+002	1.541882e+002
2.371550e+002	1.536117e+002
2.365484e+002	1.530378e+002
2.359419e+002	1.524577e+002
2.353354e+002	1.518723e+002
2.347288e+002	1.512957e+002
2.341223e+002	1.507219e+002
2.335158e+002	1.501435e+002
2.329092e+002	1.495714e+002
2.323027e+002	1.490029e+002
2.316962e+002	1.484281e+002
2.310896e+002	1.478391e+002
2.304831e+002	1.472590e+002
2.298766e+002	1.466878e+002
2.292700e+002	1.461122e+002
2.286635e+002	1.455276e+002
2.280570e+002	1.449475e+002
2.274504e+002	1.443754e+002
2.268439e+002	1.438006e+002
2.262374e+002	1.432223e+002
2.256308e+002	1.426395e+002
2.250243e+002	1.420550e+002
2.244178e+002	1.414678e+002
2.238112e+002	1.408913e+002
2.232047e+002	1.403023e+002
2.225982e+002	1.397133e+002
2.219916e+002	1.391279e+002
2.213851e+002	1.385513e+002
2.207786e+002	1.379748e+002
2.201720e+002	1.373893e+002
2.195655e+002	1.368128e+002
2.189590e+002	1.362203e+002
2.183524e+002	1.356340e+002
2.177459e+002	1.350601e+002
2.171394e+002	1.344835e+002
2.165328e+002	1.338954e+002
2.159263e+002	1.333073e+002
2.153198e+002	1.327246e+002
2.147132e+002	1.321480e+002
2.141067e+002	1.315688e+002
2.135002e+002	1.309896e+002
2.128936e+002	1.304068e+002
2.122871e+002	1.298152e+002
2.116806e+002	1.292422e+002
2.110740e+002	1.286665e+002
2.104675e+002	1.280731e+002
2.098610e+002	1.274815e+002
2.092544e+002	1.268978e+002
2.086479e+002	1.263293e+002
2.080414e+002	1.257465e+002
2.074348e+002	1.251566e+002
2.068283e+002	1.245614e+002
2.062218e+002	1.239698e+002
2.056152e+002	1.233852e+002
2.050087e+002	1.227891e+002
2.044022e+002	1.221877e+002
2.037956e+002	1.215881e+002
2.031891e+002	1.209938e+002
2.025826e+002	1.203977e+002
2.019760e+002	1.198060e+002
2.013695e+002	1.192099e+002
2.007630e+002	1.186165e+002
2.001564e+002	1.180124e+002
1.995499e+002	1.174235e+002
1.989434e+002	1.168318e+002
1.983368e+002	1.162286e+002
1.977303e+002	1.156290e+002
1.971238e+002	1.150329e+002
1.965172e+002	1.144474e+002
1.959107e+002	1.138460e+002
1.953042e+002	1.132508e+002
1.946976e+002	1.126512e+002
1.940911e+002	1.120515e+002
1.934846e+002	1.114501e+002
1.928780e+002	1.108522e+002
1.922715e+002	1.102482e+002
1.916650e+002	1.096467e+002
1.910584e+002	1.090409e+002
1.904519e+002	1.084306e+002
1.898454e+002	1.078229e+002
1.892388e+002	1.072135e+002
1.886323e+002	1.066228e+002
1.880258e+002	1.060080e+002
1.874192e+002	1.054013e+002
1.868127e+002	1.048078e+002
1.862062e+002	1.042064e+002
1.855996e+002	1.036086e+002
1.849931e+002	1.030036e+002
1.843866e+002	1.024075e+002
1.837800e+002	1.018105e+002
1.831735e+002	1.012109e+002
1.825670e+002	1.006130e+002
1.819604e+002	1.000089e+002
1.813539e+002	9.938885e+001
1.807473e+002	9.878921e+001
1.801408e+002	9.818423e+001
1.795343e+002	9.756416e+001
1.789277e+002	9.695741e+001
1.783212e+002	9.633555e+001
1.777147e+002	9.572792e+001
1.771081e+002	9.511495e+001
1.765016e+002	9.450998e+001
1.758951e+002	9.390678e+001
1.752885e+002	9.329204e+001
1.746820e+002	9.268351e+001
1.740755e+002	9.208120e+001
1.734689e+002	9.146557e+001
1.728624e+002	9.084638e+001
1.722559e+002	9.023164e+001
1.716493e+002	8.962577e+001
1.710428e+002	8.902791e+001
1.704363e+002	8.840694e+001
1.698297e+002	8.779308e+001
1.692232e+002	8.718101e+001
1.686167e+002	8.657692e+001
1.680101e+002	8.596928e+001
1.674036e+002	8.534477e+001
1.667971e+002	8.473979e+001
1.661905e+002	8.413038e+001
1.655840e+002	8.352540e+001
1.649775e+002	8.291155e+001
1.643709e+002	8.229325e+001
1.637644e+002	8.167939e+001
1.631579e+002	8.107087e+001
1.625513e+002	8.045434e+001
1.619448e+002	7.984315e+001
1.613383e+002	7.922663e+001
1.607317e+002	7.861188e+001
1.601252e+002	7.799980e+001
1.595187e+002	7.738062e+001
1.589121e+002	7.677387e+001
1.583056e+002	7.615645e+001
1.576991e+002	7.554882e+001
1.570925e+002	7.493141e+001
1.564860e+002	7.431222e+001
1.558795e+002	7.370281e+001
1.552729e+002	7.308451e+001
1.546664e+002	7.245999e+001
1.540599e+002	7.183192e+001
1.534533e+002	7.121184e+001
1.528468e+002	7.059266e+001
1.522403e+002	6.997258e+001
1.516337e+002	6.934806e+001
1.510272e+002	6.873243e+001
1.504207e+002	6.809992e+001
1.498141e+002	6.747540e+001
1.492076e+002	6.684822e+001
1.486011e+002	6.621926e+001
1.479945e+002	6.560007e+001
1.473880e+002	6.497910e+001
1.467815e+002	6.435726e+001
1.461749e+002	6.373185e+001
1.455684e+002	6.311888e+001
1.449619e+002	6.249614e+001
1.443553e+002	6.186718e+001
1.437488e+002	6.124267e+001
1.431423e+002	6.063058e+001
1.425357e+002	6.000962e+001
1.419292e+002	5.937711e+001
1.413227e+002	5.874548e+001
1.407161e+002	5.812274e+001
1.401096e+002	5.749734e+001
1.395031e+002	5.687282e+001
1.388965e+002	5.625630e+001
1.382900e+002	5.562912e+001
1.376835e+002	5.499838e+001
1.370769e+002	5.436942e+001
1.364704e+002	5.373957e+001
1.358639e+002	5.311239e+001
1.352573e+002	5.248521e+001
1.346508e+002	5.186513e+001
1.340443e+002	5.124506e+001
1.334377e+002	5.061965e+001
1.328312e+002	4.999780e+001
1.322247e+002	4.937595e+001
1.316181e+002	4.874610e+001
1.310116e+002	4.812691e+001
1.304051e+002	4.750595e+001
1.297985e+002	4.688498e+001
1.291920e+002	4.625514e+001
1.285855e+002	4.563240e+001
1.279789e+002	4.501232e+001
1.273724e+002	4.438781e+001
1.267659e+002	4.377040e+001
1.261593e+002	4.314854e+001
1.255528e+002	4.252314e+001
1.249463e+002	4.189684e+001
1.243397e+002	4.127144e+001
1.237332e+002	4.064248e+001
1.231267e+002	4.001441e+001
1.225201e+002	3.938456e+001
1.219136e+002	3.876804e+001
1.213071e+002	3.814175e+001
1.207005e+002	3.752078e+001
1.200940e+002	3.689804e+001
1.194875e+002	3.626286e+001
1.188809e+002	3.563124e+001
1.182744e+002	3.500228e+001
1.176679e+002	3.437687e+001
1.170613e+002	3.375325e+001
1.164548e+002	3.312606e+001
1.158483e+002	3.250599e+001
1.152417e+002	3.188058e+001
1.146352e+002	3.125251e+001
1.140287e+002	3.063155e+001
1.134221e+002	3.000081e+001
1.128156e+002	2.936830e+001
1.122091e+002	2.874556e+001
1.116025e+002	2.812104e+001
1.109960e+002	2.749564e+001
1.103895e+002	2.686579e+001
1.097829e+002	2.623150e+001
1.091764e+002	2.560254e+001
1.085699e+002	2.497181e+001
1.079633e+002	2.435617e+001
1.073568e+002	2.372632e+001
1.067503e+002	2.309381e+001
1.061437e+002	2.246841e+001
1.055372e+002	2.184744e+001
1.049307e+002	2.122293e+001
1.043241e+002	2.059397e+001
1.037176e+002	1.996501e+001
1.031111e+002	1.934404e+001
1.025045e+002	1.872574e+001
1.018980e+002	1.810567e+001
1.012915e+002	1.748293e+001
1.006849e+002	1.685219e+001
1.000784e+002	1.623478e+001
9.947186e+001	1.561382e+001
9.886533e+001	1.498308e+001
9.825879e+001	1.436034e+001
9.765226e+001	1.373760e+001
9.704573e+001	1.312197e+001
9.643919e+001	1.250100e+001
9.583266e+001	1.187382e+001
9.522613e+001	1.125197e+001
9.461959e+001	1.062479e+001
9.401306e+001	1.000205e+001
9.340653e+001	9.381083e+000
9.279999e+001	8.756566e+000
9.219346e+001	8.127607e+000
9.158693e+001	7.506643e+000
9.098039e+001	6.880350e+000
9.037386e+001	6.254056e+000
8.976733e+001	5.625985e+000
8.916079e+001	5.001468e+000
8.855426e+001	4.378728e+000
8.794773e+001	3.753322e+000
8.734119e+001	3.131470e+000
8.673466e+001	2.504287e+000
8.612813e+001	1.877994e+000
8.552159e+001	1.249034e+000
8.491506e+001	6.307357e-001
8.430852e+001	8.883602e-003
8.370199e+001	-6.111918e-001
8.309546e+001	-1.226825e+000
8.248892e+001	-1.846901e+000
8.188239e+001	-2.474972e+000
8.127586e+001	-3.099489e+000
8.066932e+001	-3.721341e+000
8.006279e+001	-4.344970e+000
7.945626e+001	-4.964157e+000
7.884972e+001	-5.586009e+000
7.824319e+001	-6.204308e+000
7.763666e+001	-6.827048e+000
7.703012e+001	-7.449789e+000
7.642359e+001	-8.068088e+000
7.581706e+001	-8.696158e+000
7.521052e+001	-9.318899e+000
7.460399e+001	-9.931867e+000
7.399746e+001	-1.054661e+001
7.339092e+001	-1.116402e+001
7.278439e+001	-1.178232e+001
7.217785e+001	-1.240595e+001
7.157132e+001	-1.302425e+001
7.096479e+001	-1.364166e+001
7.035825e+001	-1.425907e+001
6.975172e+001	-1.487648e+001
6.914519e+001	-1.549389e+001
6.853865e+001	-1.610331e+001
6.793212e+001	-1.671716e+001
6.732559e+001	-1.733813e+001
6.671905e+001	-1.796087e+001
6.611252e+001	-1.857650e+001
6.550599e+001	-1.919036e+001
6.489945e+001	-1.980244e+001
6.429292e+001	-2.041896e+001
6.368639e+001	-2.103459e+001
6.307985e+001	-2.165023e+001
6.247332e+001	-2.226675e+001
6.186679e+001	-2.288416e+001
6.126025e+001	-2.350601e+001
6.065372e+001	-2.412165e+001
6.004719e+001	-2.473106e+001
5.944065e+001	-2.533870e+001
5.883411e+001	-2.595611e+001
5.822757e+001	-2.657085e+001
5.762104e+001	-2.718649e+001
5.701450e+001	-2.780212e+001
5.640796e+001	-2.841509e+001
5.580143e+001	-2.902717e+001
5.519489e+001	-2.963836e+001
5.458835e+001	-3.025399e+001
5.398181e+001	-3.086074e+001
5.337528e+001	-3.147194e+001
5.276874e+001	-3.208402e+001
5.216220e+001	-3.269254e+001
5.155567e+001	-3.329308e+001
5.094913e+001	-3.389361e+001
5.034259e+001	-3.449059e+001
4.973606e+001	-3.508401e+001
4.912952e+001	-3.567832e+001
4.852298e+001	-3.626198e+001
4.791644e+001	-3.684030e+001
4.730991e+001	-3.723029e+001
4.670337e+001	-3.603544e+001
4.609683e+001	-3.475621e+001
4.549030e+001	-3.341922e+001
4.488376e+001	-3.202272e+001
4.427722e+001	-3.056670e+001
4.367068e+001	-2.905915e+001
4.306415e+001	-2.749652e+001
4.245761e+001	-2.587260e+001
4.185107e+001	-2.418738e+001
4.124454e+001	-2.245597e+001
4.063800e+001	-2.067214e+001
4.003146e+001	-1.900913e+001
3.942493e+001	-1.887232e+001
3.881839e+001	-1.876128e+001
3.821185e+001	-1.865023e+001
3.760531e+001	-1.853652e+001
3.699878e+001	-1.842281e+001
3.639224e+001	-1.830377e+001
3.578570e+001	-1.818296e+001
3.517917e+001	-1.806036e+001
3.457263e+001	-1.793688e+001
3.396609e+001	-1.781429e+001
3.335956e+001	-1.769081e+001
3.275302e+001	-1.756821e+001
3.214648e+001	-1.744562e+001
3.153994e+001	-1.732480e+001
3.093341e+001	-1.720398e+001
3.032687e+001	-1.708672e+001
2.972033e+001	-1.696946e+001
2.911380e+001	-1.685486e+001
2.850726e+001	-1.674204e+001
2.790072e+001	-1.663099e+001
2.729418e+001	-1.652083e+001
2.668765e+001	-1.641157e+001
2.608111e+001	-1.630496e+001
2.547457e+001	-1.620014e+001
2.486804e+001	-1.609975e+001
2.426150e+001	-1.599937e+001
2.365496e+001	-1.590076e+001
2.304843e+001	-1.580393e+001
2.244189e+001	-1.570976e+001
2.183535e+001	-1.561560e+001
2.122881e+001	-1.552321e+001
2.062228e+001	-1.543259e+001
2.001574e+001	-1.534465e+001
1.940920e+001	-1.525848e+001
1.880267e+001	-1.517319e+001
1.819613e+001	-1.508880e+001
1.758959e+001	-1.500440e+001
1.698305e+001	-1.492267e+001
1.637652e+001	-1.484183e+001
1.576998e+001	-1.476277e+001
1.516344e+001	-1.468459e+001
1.455691e+001	-1.460908e+001
1.395037e+001	-1.453357e+001
1.334383e+001	-1.445895e+001
1.273730e+001	-1.438522e+001
1.213076e+001	-1.431326e+001
1.152422e+001	-1.424130e+001
1.091768e+001	-1.417023e+001
1.031115e+001	-1.410094e+001
9.704610e+000	-1.403254e+001
9.098073e+000	-1.396591e+001
8.491536e+000	-1.389928e+001
7.884999e+000	-1.383354e+001
7.278462e+000	-1.376869e+001
6.671925e+000	-1.370562e+001
6.065388e+000	-1.364344e+001
5.458851e+000	-1.358303e+001
4.852314e+000	-1.352173e+001
4.245777e+000	-1.346310e+001
3.639240e+000	-1.340536e+001
3.032703e+000	-1.331474e+001
2.426167e+000	-1.326144e+001
1.819630e+000	-1.319748e+001
1.213093e+000	-1.315484e+001
6.065561e-001	-1.309088e+001
1.931788e-005	-1.303757e+001
