    nm         	nm
4.990260e+001	-1.375182e+000
4.980494e+001	-1.247258e+000
4.970728e+001	-1.268578e+000
4.960962e+001	-1.428483e+000
4.951197e+001	-1.535086e+000
4.941431e+001	-1.556407e+000
4.931665e+001	-1.674559e+000
4.921900e+001	-1.744739e+000
4.912134e+001	-1.822915e+000
4.902368e+001	-1.895761e+000
4.892603e+001	-1.975713e+000
4.882837e+001	-2.053889e+000
4.873071e+001	-2.129399e+000
4.863305e+001	-2.202245e+000
4.853540e+001	-2.270649e+000
4.843774e+001	-2.345271e+000
4.834008e+001	-2.412786e+000
4.824243e+001	-2.482967e+000
4.814477e+001	-2.563808e+000
4.804711e+001	-2.641983e+000
4.794946e+001	-2.727266e+000
4.785180e+001	-2.823209e+000
4.775414e+001	-2.911156e+000
4.765648e+001	-3.012429e+000
4.755883e+001	-3.111037e+000
4.746117e+001	-3.207869e+000
4.736351e+001	-3.310030e+000
4.726586e+001	-3.381987e+000
4.716820e+001	-3.485037e+000
4.707054e+001	-3.579203e+000
4.697289e+001	-3.661821e+000
4.687523e+001	-3.760429e+000
4.677757e+001	-3.850153e+000
4.667992e+001	-3.948761e+000
4.658226e+001	-4.049146e+000
4.648460e+001	-4.129987e+000
4.638694e+001	-4.220599e+000
4.628929e+001	-4.304994e+000
4.619163e+001	-4.386723e+000
4.609397e+001	-4.492438e+000
4.599632e+001	-4.567060e+000
4.589866e+001	-4.670110e+000
4.580100e+001	-4.763387e+000
4.570335e+001	-4.860219e+000
4.560569e+001	-4.968598e+000
4.550803e+001	-5.052105e+000
4.541037e+001	-5.150712e+000
4.531272e+001	-5.243990e+000
4.521506e+001	-5.337268e+000
4.511740e+001	-5.446537e+000
4.501975e+001	-5.536261e+000
4.492209e+001	-5.636645e+000
4.482443e+001	-5.738807e+000
4.472678e+001	-5.832085e+000
4.462912e+001	-5.942241e+000
4.453146e+001	-6.023082e+000
4.443380e+001	-6.107476e+000
4.433615e+001	-6.199866e+000
4.423849e+001	-6.280707e+000
4.414083e+001	-6.375761e+000
4.404318e+001	-6.461932e+000
4.394552e+001	-6.559652e+000
4.384786e+001	-6.665366e+000
4.375021e+001	-6.761310e+000
4.365255e+001	-6.875908e+000
4.355489e+001	-6.963856e+000
4.345723e+001	-7.071347e+000
4.335958e+001	-7.175285e+000
4.326192e+001	-7.269452e+000
4.316426e+001	-7.380497e+000
4.306661e+001	-7.471109e+000
4.296895e+001	-7.574159e+000
4.287129e+001	-7.673655e+000
4.277364e+001	-7.761603e+000
4.267598e+001	-7.873536e+000
4.257832e+001	-7.956154e+000
4.248066e+001	-8.042325e+000
4.238301e+001	-8.149817e+000
4.228535e+001	-8.222662e+000
4.218769e+001	-8.322158e+000
4.209004e+001	-8.412771e+000
4.199238e+001	-8.509602e+000
4.189472e+001	-8.622424e+000
4.179707e+001	-8.705930e+000
4.169941e+001	-8.808091e+000
4.160175e+001	-8.905811e+000
4.150409e+001	-8.994647e+000
4.140644e+001	-9.094143e+000
4.130878e+001	-9.178538e+000
4.121112e+001	-9.268262e+000
4.111347e+001	-9.362428e+000
4.101581e+001	-9.448599e+000
4.091815e+001	-9.548096e+000
4.082050e+001	-9.636043e+000
4.072284e+001	-9.735539e+000
4.062518e+001	-9.839478e+000
4.052752e+001	-9.936309e+000
4.042987e+001	-1.003936e+001
4.033221e+001	-1.011931e+001
4.023455e+001	-1.021703e+001
4.013690e+001	-1.031297e+001
4.003924e+001	-1.040980e+001
3.994158e+001	-1.051285e+001
3.984393e+001	-1.060436e+001
3.974627e+001	-1.070474e+001
3.964861e+001	-1.080601e+001
3.955095e+001	-1.089307e+001
3.945330e+001	-1.099346e+001
3.935564e+001	-1.107874e+001
3.925798e+001	-1.116935e+001
3.916033e+001	-1.128040e+001
3.906267e+001	-1.137545e+001
3.896501e+001	-1.147850e+001
3.886736e+001	-1.157267e+001
3.876970e+001	-1.167749e+001
3.867204e+001	-1.179298e+001
3.857438e+001	-1.188537e+001
3.847673e+001	-1.198576e+001
3.837907e+001	-1.207903e+001
3.828141e+001	-1.216609e+001
3.818376e+001	-1.226470e+001
3.808610e+001	-1.235709e+001
3.798844e+001	-1.245037e+001
3.789079e+001	-1.254365e+001
3.779313e+001	-1.263692e+001
3.769547e+001	-1.273909e+001
3.759781e+001	-1.282970e+001
3.750016e+001	-1.291942e+001
3.740250e+001	-1.301625e+001
3.730484e+001	-1.310598e+001
3.720719e+001	-1.320814e+001
3.710953e+001	-1.330408e+001
3.701187e+001	-1.340180e+001
3.691422e+001	-1.349686e+001
3.681656e+001	-1.359724e+001
3.671890e+001	-1.370562e+001
3.662124e+001	-1.380956e+001
3.652359e+001	-1.390817e+001
3.642593e+001	-1.400855e+001
3.632827e+001	-1.410894e+001
3.623062e+001	-1.421021e+001
3.613296e+001	-1.430704e+001
3.603530e+001	-1.440032e+001
3.593765e+001	-1.450248e+001
3.583999e+001	-1.460553e+001
3.574233e+001	-1.470947e+001
3.564467e+001	-1.480097e+001
3.554702e+001	-1.489336e+001
3.544936e+001	-1.499285e+001
3.535170e+001	-1.508258e+001
3.525405e+001	-1.517053e+001
3.515639e+001	-1.525759e+001
3.505873e+001	-1.535353e+001
3.496108e+001	-1.545303e+001
3.486342e+001	-1.555252e+001
3.476576e+001	-1.565291e+001
3.466810e+001	-1.575596e+001
3.457045e+001	-1.586256e+001
3.447279e+001	-1.596916e+001
3.437513e+001	-1.606866e+001
3.427748e+001	-1.616194e+001
3.417982e+001	-1.626232e+001
3.408216e+001	-1.636182e+001
3.398451e+001	-1.645954e+001
3.388685e+001	-1.655193e+001
3.378919e+001	-1.664609e+001
3.369153e+001	-1.674026e+001
3.359388e+001	-1.683531e+001
3.349622e+001	-1.692593e+001
3.339856e+001	-1.700943e+001
3.330091e+001	-1.709738e+001
3.320325e+001	-1.718355e+001
3.310559e+001	-1.728660e+001
3.300794e+001	-1.738876e+001
3.291028e+001	-1.748204e+001
3.281262e+001	-1.757887e+001
3.271496e+001	-1.768370e+001
3.261731e+001	-1.780007e+001
3.251965e+001	-1.789957e+001
3.242199e+001	-1.799640e+001
3.232434e+001	-1.809767e+001
3.222668e+001	-1.820872e+001
3.212902e+001	-1.831177e+001
3.203137e+001	-1.841127e+001
3.193371e+001	-1.850898e+001
3.183605e+001	-1.861115e+001
3.173840e+001	-1.872308e+001
3.164074e+001	-1.883057e+001
3.154308e+001	-1.893007e+001
3.144542e+001	-1.901802e+001
3.134777e+001	-1.911573e+001
3.125011e+001	-1.920812e+001
3.115245e+001	-1.929963e+001
3.105480e+001	-1.938935e+001
3.095714e+001	-1.947907e+001
3.085948e+001	-1.957946e+001
3.076183e+001	-1.966918e+001
3.066417e+001	-1.976335e+001
3.056651e+001	-1.985929e+001
3.046885e+001	-1.995168e+001
3.037120e+001	-2.004762e+001
3.027354e+001	-2.015067e+001
3.017588e+001	-2.025461e+001
3.007823e+001	-2.035500e+001
2.998057e+001	-2.045538e+001
2.988291e+001	-2.055754e+001
2.978526e+001	-2.066059e+001
2.968760e+001	-2.075387e+001
2.958994e+001	-2.085070e+001
2.949228e+001	-2.094842e+001
2.939463e+001	-2.104081e+001
2.929697e+001	-2.112876e+001
2.919931e+001	-2.121937e+001
2.910166e+001	-2.130554e+001
2.900400e+001	-2.139171e+001
2.890634e+001	-2.148410e+001
2.880869e+001	-2.158005e+001
2.871103e+001	-2.166799e+001
2.861337e+001	-2.176571e+001
2.851571e+001	-2.186432e+001
2.841806e+001	-2.196115e+001
2.832040e+001	-2.204910e+001
2.822274e+001	-2.213083e+001
2.812509e+001	-2.223210e+001
2.802743e+001	-2.232627e+001
2.792977e+001	-2.241422e+001
2.783212e+001	-2.250483e+001
2.773446e+001	-2.260166e+001
2.763680e+001	-2.269316e+001
2.753914e+001	-2.279266e+001
2.744149e+001	-2.287794e+001
2.734383e+001	-2.297655e+001
2.724617e+001	-2.306894e+001
2.714852e+001	-2.316577e+001
2.705086e+001	-2.327148e+001
2.695320e+001	-2.335766e+001
2.685555e+001	-2.345893e+001
2.675789e+001	-2.355754e+001
2.666023e+001	-2.366147e+001
2.656257e+001	-2.376008e+001
2.646492e+001	-2.385691e+001
2.636726e+001	-2.394575e+001
2.626960e+001	-2.403991e+001
2.617195e+001	-2.412875e+001
2.607429e+001	-2.423091e+001
2.597663e+001	-2.432419e+001
2.587898e+001	-2.441480e+001
2.578132e+001	-2.452052e+001
2.568366e+001	-2.461646e+001
2.558600e+001	-2.472218e+001
2.548835e+001	-2.481012e+001
2.539069e+001	-2.490251e+001
2.529303e+001	-2.500556e+001
2.519538e+001	-2.509973e+001
2.509772e+001	-2.519567e+001
2.500006e+001	-2.528717e+001
2.490241e+001	-2.537690e+001
2.480475e+001	-2.547639e+001
2.470709e+001	-2.557145e+001
2.460943e+001	-2.566739e+001
2.451178e+001	-2.576245e+001
2.441412e+001	-2.584951e+001
2.431646e+001	-2.594989e+001
2.421881e+001	-2.603606e+001
2.412115e+001	-2.613023e+001
2.402349e+001	-2.622617e+001
2.392584e+001	-2.632211e+001
2.382818e+001	-2.642694e+001
2.373052e+001	-2.652199e+001
2.363286e+001	-2.662682e+001
2.353521e+001	-2.671921e+001
2.343755e+001	-2.680805e+001
2.333989e+001	-2.691110e+001
2.324224e+001	-2.700349e+001
2.314458e+001	-2.709854e+001
2.304692e+001	-2.719537e+001
2.294927e+001	-2.728687e+001
2.285161e+001	-2.738903e+001
2.275395e+001	-2.747965e+001
2.265629e+001	-2.756848e+001
2.255864e+001	-2.767064e+001
2.246098e+001	-2.775770e+001
2.236332e+001	-2.786075e+001
2.226567e+001	-2.795314e+001
2.216801e+001	-2.803398e+001
2.207035e+001	-2.813703e+001
2.197270e+001	-2.822498e+001
2.187504e+001	-2.832714e+001
2.177738e+001	-2.841687e+001
2.167972e+001	-2.851103e+001
2.158207e+001	-2.861408e+001
2.148441e+001	-2.871091e+001
2.138675e+001	-2.880597e+001
2.128910e+001	-2.889747e+001
2.119144e+001	-2.898808e+001
2.109378e+001	-2.909024e+001
2.099613e+001	-2.919063e+001
2.089847e+001	-2.928746e+001
2.080081e+001	-2.938429e+001
2.070315e+001	-2.948023e+001
2.060550e+001	-2.958506e+001
2.050784e+001	-2.967656e+001
2.041018e+001	-2.977250e+001
2.031253e+001	-2.986134e+001
2.021487e+001	-2.995018e+001
2.011721e+001	-3.004612e+001
2.001956e+001	-3.013318e+001
1.992190e+001	-3.021935e+001
1.982424e+001	-3.030730e+001
1.972658e+001	-3.039258e+001
1.962893e+001	-3.049385e+001
1.953127e+001	-3.058357e+001
1.943361e+001	-3.067597e+001
1.933596e+001	-3.076747e+001
1.923830e+001	-3.085808e+001
1.914064e+001	-3.095669e+001
1.904299e+001	-3.104375e+001
1.894533e+001	-3.113347e+001
1.884767e+001	-3.122586e+001
1.875001e+001	-3.132269e+001
1.865236e+001	-3.141864e+001
1.855470e+001	-3.150481e+001
1.845704e+001	-3.159009e+001
1.835939e+001	-3.167981e+001
1.826173e+001	-3.176599e+001
1.816407e+001	-3.185393e+001
1.806642e+001	-3.193566e+001
1.796876e+001	-3.202272e+001
1.787110e+001	-3.211689e+001
1.777344e+001	-3.220395e+001
1.767579e+001	-3.229900e+001
1.757813e+001	-3.238517e+001
1.748047e+001	-3.247312e+001
1.738282e+001	-3.256995e+001
1.728516e+001	-3.265701e+001
1.718750e+001	-3.274140e+001
1.708985e+001	-3.282491e+001
1.699219e+001	-3.291552e+001
1.689453e+001	-3.300791e+001
1.679688e+001	-3.309497e+001
1.669922e+001	-3.318736e+001
1.660156e+001	-3.327886e+001
1.650390e+001	-3.336947e+001
1.640625e+001	-3.346275e+001
1.630859e+001	-3.355070e+001
1.621093e+001	-3.363598e+001
1.611328e+001	-3.371682e+001
1.601562e+001	-3.380299e+001
1.591796e+001	-3.388739e+001
1.582031e+001	-3.395846e+001
1.572265e+001	-3.403397e+001
1.562499e+001	-3.411037e+001
1.552733e+001	-3.417966e+001
1.542968e+001	-3.425162e+001
1.533202e+001	-3.430581e+001
1.523436e+001	-3.435911e+001
1.513671e+001	-3.399310e+001
1.503905e+001	-3.303900e+001
1.494139e+001	-3.207691e+001
1.484374e+001	-3.112370e+001
1.474608e+001	-3.016960e+001
1.464842e+001	-2.921906e+001
1.455077e+001	-2.826496e+001
1.445311e+001	-2.731885e+001
1.435546e+001	-2.636920e+001
1.425780e+001	-2.541243e+001
1.416014e+001	-2.447166e+001
1.406249e+001	-2.353177e+001
1.396483e+001	-2.300942e+001
1.386717e+001	-2.306627e+001
1.376952e+001	-2.313290e+001
1.367186e+001	-2.318620e+001
1.357421e+001	-2.322795e+001
1.347655e+001	-2.327060e+001
1.337889e+001	-2.331235e+001
1.328124e+001	-2.334788e+001
1.318358e+001	-2.337986e+001
1.308593e+001	-2.340829e+001
1.298827e+001	-2.343050e+001
1.289061e+001	-2.344827e+001
1.279296e+001	-2.346603e+001
1.269530e+001	-2.347225e+001
1.259765e+001	-2.347847e+001
1.249999e+001	-2.348736e+001
1.240233e+001	-2.349535e+001
1.230468e+001	-2.349624e+001
1.220702e+001	-2.348736e+001
1.210937e+001	-2.347936e+001
1.201171e+001	-2.346781e+001
1.191405e+001	-2.345360e+001
1.181640e+001	-2.343850e+001
1.171874e+001	-2.342250e+001
1.162108e+001	-2.339941e+001
1.152343e+001	-2.338253e+001
1.142577e+001	-2.336210e+001
1.132812e+001	-2.333722e+001
1.123046e+001	-2.331146e+001
1.113280e+001	-2.328836e+001
1.103515e+001	-2.326971e+001
1.093749e+001	-2.323950e+001
1.083984e+001	-2.320930e+001
1.074218e+001	-2.317732e+001
1.064452e+001	-2.314445e+001
1.054687e+001	-2.311158e+001
1.044921e+001	-2.307871e+001
1.035156e+001	-2.304762e+001
1.025390e+001	-2.301830e+001
1.015624e+001	-2.299165e+001
1.005859e+001	-2.296589e+001
9.960931e+000	-2.293480e+001
9.863275e+000	-2.290281e+001
9.765619e+000	-2.287439e+001
9.667962e+000	-2.284418e+001
9.570306e+000	-2.281753e+001
9.472650e+000	-2.278910e+001
9.374994e+000	-2.275801e+001
9.277338e+000	-2.272958e+001
9.179682e+000	-2.270027e+001
9.082026e+000	-2.267273e+001
8.984370e+000	-2.263897e+001
8.886714e+000	-2.260699e+001
8.789057e+000	-2.257767e+001
8.691401e+000	-2.254747e+001
8.593745e+000	-2.251815e+001
8.496089e+000	-2.248795e+001
8.398433e+000	-2.245863e+001
8.300777e+000	-2.243021e+001
8.203121e+000	-2.240178e+001
8.105465e+000	-2.237246e+001
8.007809e+000	-2.234226e+001
7.910153e+000	-2.231028e+001
7.812496e+000	-2.227919e+001
7.714840e+000	-2.224720e+001
7.617184e+000	-2.221434e+001
7.519528e+000	-2.218147e+001
7.421872e+000	-2.214593e+001
7.324216e+000	-2.211217e+001
7.226560e+000	-2.207753e+001
7.128904e+000	-2.204199e+001
7.031248e+000	-2.200646e+001
6.933591e+000	-2.197181e+001
6.835935e+000	-2.193983e+001
6.738279e+000	-2.190874e+001
6.640623e+000	-2.187676e+001
6.542967e+000	-2.184655e+001
6.445311e+000	-2.181990e+001
6.347655e+000	-2.178970e+001
6.249999e+000	-2.176127e+001
6.152343e+000	-2.173018e+001
6.054687e+000	-2.169820e+001
5.957030e+000	-2.166711e+001
5.859374e+000	-2.163601e+001
5.761718e+000	-2.160048e+001
5.664062e+000	-2.156406e+001
5.566406e+000	-2.152674e+001
5.468750e+000	-2.149210e+001
5.371094e+000	-2.145301e+001
5.273438e+000	-2.141303e+001
5.175782e+000	-2.137750e+001
5.078125e+000	-2.134108e+001
4.980469e+000	-2.130643e+001
4.882813e+000	-2.127178e+001
4.785157e+000	-2.123892e+001
4.687501e+000	-2.120516e+001
4.589845e+000	-2.117318e+001
4.492189e+000	-2.114031e+001
4.394533e+000	-2.110655e+001
4.296877e+000	-2.107279e+001
4.199221e+000	-2.104081e+001
4.101564e+000	-2.100883e+001
4.003908e+000	-2.097418e+001
3.906252e+000	-2.093954e+001
3.808596e+000	-2.090578e+001
3.710940e+000	-2.087202e+001
3.613283e+000	-2.083649e+001
3.515627e+000	-2.080273e+001
3.417971e+000	-2.076986e+001
3.320314e+000	-2.073699e+001
3.222658e+000	-2.070590e+001
3.125002e+000	-2.067392e+001
3.027345e+000	-2.064105e+001
2.929689e+000	-2.060818e+001
2.832033e+000	-2.057620e+001
2.734377e+000	-2.054600e+001
2.636720e+000	-2.051401e+001
2.539064e+000	-2.048114e+001
2.441408e+000	-2.045005e+001
2.343751e+000	-2.042074e+001
2.246095e+000	-2.039053e+001
2.148439e+000	-2.036033e+001
2.050782e+000	-2.033012e+001
1.953126e+000	-2.029992e+001
1.855470e+000	-2.027149e+001
1.757813e+000	-2.024218e+001
1.660157e+000	-2.021019e+001
1.562501e+000	-2.017821e+001
1.464845e+000	-2.014979e+001
1.367189e+000	-2.012136e+001
1.269532e+000	-2.009115e+001
1.171876e+000	-2.005917e+001
1.074220e+000	-2.002719e+001
9.765637e-001	-1.999699e+001
8.789075e-001	-1.996590e+001
7.812513e-001	-1.993480e+001
6.835951e-001	-1.990371e+001
5.859389e-001	-1.987351e+001
4.882826e-001	-1.982820e+001
3.906264e-001	-1.980688e+001
2.929701e-001	-1.977490e+001
1.953139e-001	-1.973226e+001
9.765766e-002	-1.971094e+001
1.415534e-006	-1.970028e+001
