    nm         	nm
4.968254e+001	1.905162e+001
4.958531e+001	1.889673e+001
4.948808e+001	1.883716e+001
4.939086e+001	1.881333e+001
4.929363e+001	1.870610e+001
4.919640e+001	1.855121e+001
4.909917e+001	1.854723e+001
4.900195e+001	1.845589e+001
4.890472e+001	1.837149e+001
4.880749e+001	1.828511e+001
4.871027e+001	1.819476e+001
4.861304e+001	1.810242e+001
4.851581e+001	1.801008e+001
4.841858e+001	1.792072e+001
4.832136e+001	1.783235e+001
4.822413e+001	1.773703e+001
4.812690e+001	1.763973e+001
4.802968e+001	1.754441e+001
4.793245e+001	1.745307e+001
4.783522e+001	1.736172e+001
4.773799e+001	1.726243e+001
4.764077e+001	1.716513e+001
4.754354e+001	1.707180e+001
4.744631e+001	1.697846e+001
4.734909e+001	1.688414e+001
4.725186e+001	1.678386e+001
4.715463e+001	1.668457e+001
4.705741e+001	1.659422e+001
4.696018e+001	1.650485e+001
4.686295e+001	1.641152e+001
4.676572e+001	1.631323e+001
4.666850e+001	1.621890e+001
4.657127e+001	1.613153e+001
4.647404e+001	1.604415e+001
4.637682e+001	1.594784e+001
4.627959e+001	1.585054e+001
4.618236e+001	1.576118e+001
4.608513e+001	1.567579e+001
4.598791e+001	1.558345e+001
4.589068e+001	1.548615e+001
4.579345e+001	1.538785e+001
4.569623e+001	1.529452e+001
4.559900e+001	1.520317e+001
4.550177e+001	1.510488e+001
4.540454e+001	1.499864e+001
4.530732e+001	1.489339e+001
4.521009e+001	1.479807e+001
4.511286e+001	1.470275e+001
4.501564e+001	1.460148e+001
4.491841e+001	1.450020e+001
4.482118e+001	1.440588e+001
4.472395e+001	1.431056e+001
4.462673e+001	1.421822e+001
4.452950e+001	1.412291e+001
4.443227e+001	1.402163e+001
4.433505e+001	1.392333e+001
4.423782e+001	1.383397e+001
4.414059e+001	1.374362e+001
4.404336e+001	1.364433e+001
4.394614e+001	1.354405e+001
4.384891e+001	1.344972e+001
4.375168e+001	1.335838e+001
4.365446e+001	1.326008e+001
4.355723e+001	1.315881e+001
4.346000e+001	1.305753e+001
4.336277e+001	1.296122e+001
4.326555e+001	1.286690e+001
4.316832e+001	1.276860e+001
4.307109e+001	1.266534e+001
4.297387e+001	1.256704e+001
4.287664e+001	1.247470e+001
4.277941e+001	1.237839e+001
4.268218e+001	1.228010e+001
4.258496e+001	1.218180e+001
4.248773e+001	1.208648e+001
4.239050e+001	1.199514e+001
4.229328e+001	1.190081e+001
4.219605e+001	1.180450e+001
4.209882e+001	1.171018e+001
4.200160e+001	1.161684e+001
4.190437e+001	1.152848e+001
4.180714e+001	1.143713e+001
4.170991e+001	1.133883e+001
4.161269e+001	1.124352e+001
4.151546e+001	1.115018e+001
4.141823e+001	1.105387e+001
4.132101e+001	1.095359e+001
4.122378e+001	1.085132e+001
4.112655e+001	1.075104e+001
4.102932e+001	1.065473e+001
4.093210e+001	1.055743e+001
4.083487e+001	1.045913e+001
4.073764e+001	1.035786e+001
4.064042e+001	1.025757e+001
4.054319e+001	1.016325e+001
4.044596e+001	1.006892e+001
4.034873e+001	9.967650e+000
4.025151e+001	9.866374e+000
4.015428e+001	9.773043e+000
4.005705e+001	9.681696e+000
3.995983e+001	9.589358e+000
3.986260e+001	9.491061e+000
3.976537e+001	9.391772e+000
3.966814e+001	9.299433e+000
3.957092e+001	9.209080e+000
3.947369e+001	9.112769e+000
3.937646e+001	9.010501e+000
3.927924e+001	8.912205e+000
3.918201e+001	8.820859e+000
3.908478e+001	8.727526e+000
3.898755e+001	8.626252e+000
3.889033e+001	8.525969e+000
3.879310e+001	8.430652e+000
3.869587e+001	8.334341e+000
3.859865e+001	8.240017e+000
3.850142e+001	8.138741e+000
3.840419e+001	8.034488e+000
3.830696e+001	7.938177e+000
3.820974e+001	7.846831e+000
3.811251e+001	7.752506e+000
3.801528e+001	7.654210e+000
3.791806e+001	7.558892e+000
3.782083e+001	7.467546e+000
3.772360e+001	7.378186e+000
3.762637e+001	7.284854e+000
3.752915e+001	7.187550e+000
3.743192e+001	7.090247e+000
3.733469e+001	6.997908e+000
3.723747e+001	6.907555e+000
3.714024e+001	6.812237e+000
3.704301e+001	6.709969e+000
3.694579e+001	6.612665e+000
3.684856e+001	6.521319e+000
3.675133e+001	6.424016e+000
3.665410e+001	6.325720e+000
3.655688e+001	6.225437e+000
3.645965e+001	6.129127e+000
3.636242e+001	6.034802e+000
3.626520e+001	5.935513e+000
3.616797e+001	5.835230e+000
3.607074e+001	5.738920e+000
3.597351e+001	5.642609e+000
3.587629e+001	5.550270e+000
3.577906e+001	5.453960e+000
3.568183e+001	5.354670e+000
3.558461e+001	5.261338e+000
3.548738e+001	5.167013e+000
3.539015e+001	5.065738e+000
3.529292e+001	4.965456e+000
3.519570e+001	4.870139e+000
3.509847e+001	4.775814e+000
3.500124e+001	4.681489e+000
3.490402e+001	4.584185e+000
3.480679e+001	4.485889e+000
3.470956e+001	4.387593e+000
3.461233e+001	4.290289e+000
3.451511e+001	4.193978e+000
3.441788e+001	4.093696e+000
3.432065e+001	3.991429e+000
3.422343e+001	3.896111e+000
3.412620e+001	3.800793e+000
3.402897e+001	3.702497e+000
3.393174e+001	3.606186e+000
3.383452e+001	3.507890e+000
3.373729e+001	3.409593e+000
3.364006e+001	3.319240e+000
3.354284e+001	3.223922e+000
3.344561e+001	3.122647e+000
3.334838e+001	3.024351e+000
3.325115e+001	2.929033e+000
3.315393e+001	2.835701e+000
3.305670e+001	2.739391e+000
3.295947e+001	2.641094e+000
3.286225e+001	2.545777e+000
3.276502e+001	2.446487e+000
3.266779e+001	2.351170e+000
3.257056e+001	2.256845e+000
3.247334e+001	2.156563e+000
3.237611e+001	2.058266e+000
3.227888e+001	1.964935e+000
3.218166e+001	1.872596e+000
3.208443e+001	1.779264e+000
3.198720e+001	1.685932e+000
3.188998e+001	1.592600e+000
3.179275e+001	1.501254e+000
3.169552e+001	1.410901e+000
3.159829e+001	1.318561e+000
3.150107e+001	1.221258e+000
3.140384e+001	1.124947e+000
3.130661e+001	1.027644e+000
3.120939e+001	9.343120e-001
3.111216e+001	8.380014e-001
3.101493e+001	7.357335e-001
3.091770e+001	6.394229e-001
3.082048e+001	5.421194e-001
3.072325e+001	4.458088e-001
3.062602e+001	3.465195e-001
3.052880e+001	2.452445e-001
3.043157e+001	1.479410e-001
3.033434e+001	5.361620e-002
3.023711e+001	-4.368728e-002
3.013989e+001	-1.429765e-001
3.004266e+001	-2.422658e-001
2.994543e+001	-3.365906e-001
2.984821e+001	-4.289296e-001
2.975098e+001	-5.302047e-001
2.965376e+001	-6.304868e-001
2.955653e+001	-7.248117e-001
2.945930e+001	-8.201294e-001
2.936208e+001	-9.194186e-001
2.926485e+001	-1.015729e+000
2.916763e+001	-1.113033e+000
2.907040e+001	-1.207358e+000
2.897318e+001	-1.296718e+000
2.887595e+001	-1.390050e+000
2.877873e+001	-1.488346e+000
2.868150e+001	-1.581678e+000
2.858428e+001	-1.671038e+000
2.848705e+001	-1.765363e+000
2.838983e+001	-1.865645e+000
2.829260e+001	-1.964935e+000
2.819537e+001	-2.059259e+000
2.809815e+001	-2.155570e+000
2.800092e+001	-2.253866e+000
2.790370e+001	-2.350177e+000
2.780647e+001	-2.450459e+000
2.770925e+001	-2.544784e+000
2.761202e+001	-2.633151e+000
2.751480e+001	-2.730455e+000
2.741757e+001	-2.829744e+000
2.732035e+001	-2.926055e+000
2.722312e+001	-3.017401e+000
2.712590e+001	-3.106761e+000
2.702867e+001	-3.201086e+000
2.693145e+001	-3.293425e+000
2.683422e+001	-3.384771e+000
2.673699e+001	-3.475124e+000
2.663977e+001	-3.565478e+000
2.654254e+001	-3.663774e+000
2.644532e+001	-3.763063e+000
2.634809e+001	-3.859374e+000
2.625087e+001	-3.950720e+000
2.615364e+001	-4.046038e+000
2.605642e+001	-4.146320e+000
2.595919e+001	-4.243623e+000
2.586197e+001	-4.339934e+000
2.576474e+001	-4.439223e+000
2.566752e+001	-4.539505e+000
2.557029e+001	-4.640780e+000
2.547307e+001	-4.742056e+000
2.537584e+001	-4.842338e+000
2.527861e+001	-4.943613e+000
2.518139e+001	-5.041909e+000
2.508416e+001	-5.142191e+000
2.498694e+001	-5.238502e+000
2.488971e+001	-5.331834e+000
2.479249e+001	-5.428144e+000
2.469526e+001	-5.523462e+000
2.459804e+001	-5.615801e+000
2.450081e+001	-5.708140e+000
2.440359e+001	-5.804451e+000
2.430636e+001	-5.896790e+000
2.420914e+001	-5.990122e+000
2.411191e+001	-6.083453e+000
2.401469e+001	-6.175792e+000
2.391746e+001	-6.271110e+000
2.382023e+001	-6.368414e+000
2.372301e+001	-6.467703e+000
2.362578e+001	-6.561035e+000
2.352856e+001	-6.655360e+000
2.343133e+001	-6.758620e+000
2.333411e+001	-6.856917e+000
2.323688e+001	-6.950249e+000
2.313966e+001	-7.047552e+000
2.304243e+001	-7.141877e+000
2.294521e+001	-7.234216e+000
2.284798e+001	-7.327548e+000
2.275076e+001	-7.420880e+000
2.265353e+001	-7.509247e+000
2.255631e+001	-7.598608e+000
2.245908e+001	-7.691940e+000
2.236185e+001	-7.784278e+000
2.226463e+001	-7.872646e+000
2.216740e+001	-7.962006e+000
2.207018e+001	-8.055339e+000
2.197295e+001	-8.145691e+000
2.187573e+001	-8.237038e+000
2.177850e+001	-8.330369e+000
2.168128e+001	-8.423702e+000
2.158405e+001	-8.517033e+000
2.148683e+001	-8.613344e+000
2.138960e+001	-8.709654e+000
2.129238e+001	-8.807951e+000
2.119515e+001	-8.906247e+000
2.109793e+001	-9.003551e+000
2.100070e+001	-9.099861e+000
2.090347e+001	-9.195179e+000
2.080625e+001	-9.292482e+000
2.070902e+001	-9.387801e+000
2.061180e+001	-9.483118e+000
2.051457e+001	-9.577443e+000
2.041735e+001	-9.672760e+000
2.032012e+001	-9.767085e+000
2.022290e+001	-9.858431e+000
2.012567e+001	-9.949778e+000
2.002845e+001	-1.004112e+001
1.993122e+001	-1.013148e+001
1.983400e+001	-1.022282e+001
1.973677e+001	-1.031516e+001
1.963955e+001	-1.040452e+001
1.954232e+001	-1.049785e+001
1.944509e+001	-1.059218e+001
1.934787e+001	-1.068650e+001
1.925064e+001	-1.077884e+001
1.915342e+001	-1.087416e+001
1.905619e+001	-1.096849e+001
1.895897e+001	-1.105884e+001
1.886174e+001	-1.114721e+001
1.876452e+001	-1.123756e+001
1.866729e+001	-1.132394e+001
1.857007e+001	-1.140933e+001
1.847284e+001	-1.150167e+001
1.837562e+001	-1.158606e+001
1.827839e+001	-1.166848e+001
1.818117e+001	-1.175684e+001
1.808394e+001	-1.184521e+001
1.798671e+001	-1.192464e+001
1.788949e+001	-1.200308e+001
1.779226e+001	-1.208748e+001
1.769504e+001	-1.217286e+001
1.759781e+001	-1.225329e+001
1.750059e+001	-1.233669e+001
1.740336e+001	-1.241811e+001
1.730614e+001	-1.249754e+001
1.720891e+001	-1.258293e+001
1.711169e+001	-1.266435e+001
1.701446e+001	-1.273782e+001
1.691724e+001	-1.281030e+001
1.682001e+001	-1.289172e+001
1.672278e+001	-1.296916e+001
1.662556e+001	-1.303569e+001
1.652833e+001	-1.310221e+001
1.643111e+001	-1.316973e+001
1.633388e+001	-1.323526e+001
1.623666e+001	-1.328788e+001
1.613943e+001	-1.332760e+001
1.604221e+001	-1.335937e+001
1.594498e+001	-1.338519e+001
1.584776e+001	-1.298406e+001
1.575053e+001	-1.220662e+001
1.565331e+001	-1.140437e+001
1.555608e+001	-1.058920e+001
1.545886e+001	-9.771057e+000
1.536163e+001	-8.949935e+000
1.526440e+001	-8.124841e+000
1.516718e+001	-7.292797e+000
1.506995e+001	-6.465717e+000
1.497273e+001	-5.643602e+000
1.487550e+001	-4.818508e+000
1.477828e+001	-3.989443e+000
1.468105e+001	-3.579378e+000
1.458383e+001	-3.547606e+000
1.448660e+001	-3.539662e+000
1.438938e+001	-3.533705e+000
1.429215e+001	-3.524769e+000
1.419493e+001	-3.522783e+000
1.409770e+001	-3.519805e+000
1.400048e+001	-3.510868e+000
1.390325e+001	-3.497961e+000
1.380602e+001	-3.492004e+000
1.370880e+001	-3.495975e+000
1.361157e+001	-3.499947e+000
1.351435e+001	-3.504911e+000
1.341712e+001	-3.505904e+000
1.331990e+001	-3.501933e+000
1.322267e+001	-3.506897e+000
1.312545e+001	-3.516826e+000
1.302822e+001	-3.520797e+000
1.293100e+001	-3.524769e+000
1.283377e+001	-3.526755e+000
1.273655e+001	-3.534698e+000
1.263932e+001	-3.539662e+000
1.254210e+001	-3.541648e+000
1.244487e+001	-3.544627e+000
1.234764e+001	-3.543634e+000
1.225042e+001	-3.541648e+000
1.215319e+001	-3.541648e+000
1.205597e+001	-3.537677e+000
1.195874e+001	-3.533705e+000
1.186152e+001	-3.531719e+000
1.176429e+001	-3.529733e+000
1.166707e+001	-3.530726e+000
1.156984e+001	-3.533705e+000
1.147262e+001	-3.533705e+000
1.137539e+001	-3.530726e+000
1.127817e+001	-3.528741e+000
1.118094e+001	-3.530726e+000
1.108372e+001	-3.534698e+000
1.098649e+001	-3.534698e+000
1.088926e+001	-3.539662e+000
1.079204e+001	-3.546613e+000
1.069481e+001	-3.550584e+000
1.059759e+001	-3.553563e+000
1.050036e+001	-3.560513e+000
1.040314e+001	-3.567463e+000
1.030591e+001	-3.574414e+000
1.020869e+001	-3.574414e+000
1.011146e+001	-3.568456e+000
1.001424e+001	-3.567463e+000
9.917011e+000	-3.567463e+000
9.819786e+000	-3.567463e+000
9.722561e+000	-3.560513e+000
9.625335e+000	-3.554556e+000
9.528110e+000	-3.551577e+000
9.430885e+000	-3.549591e+000
9.333659e+000	-3.542641e+000
9.236434e+000	-3.533705e+000
9.139209e+000	-3.529733e+000
9.041983e+000	-3.525762e+000
8.944758e+000	-3.525762e+000
8.847532e+000	-3.526755e+000
8.750307e+000	-3.529733e+000
8.653082e+000	-3.529733e+000
8.555856e+000	-3.530726e+000
8.458631e+000	-3.534698e+000
8.361406e+000	-3.535691e+000
8.264180e+000	-3.529733e+000
8.166955e+000	-3.530726e+000
8.069730e+000	-3.531719e+000
7.972504e+000	-3.528741e+000
7.875279e+000	-3.528741e+000
7.778054e+000	-3.530726e+000
7.680828e+000	-3.530726e+000
7.583603e+000	-3.532712e+000
7.486378e+000	-3.539662e+000
7.389152e+000	-3.537677e+000
7.291926e+000	-3.529733e+000
7.194700e+000	-3.530726e+000
7.097475e+000	-3.533705e+000
7.000249e+000	-3.530726e+000
6.903023e+000	-3.529733e+000
6.805797e+000	-3.536684e+000
6.708571e+000	-3.541648e+000
6.611346e+000	-3.543634e+000
6.514120e+000	-3.544627e+000
6.416894e+000	-3.537677e+000
6.319668e+000	-3.526755e+000
6.222443e+000	-3.520797e+000
6.125217e+000	-3.519804e+000
6.027991e+000	-3.511861e+000
5.930765e+000	-3.508883e+000
5.833539e+000	-3.511861e+000
5.736314e+000	-3.513847e+000
5.639088e+000	-3.511861e+000
5.541862e+000	-3.506897e+000
5.444636e+000	-3.505904e+000
5.347411e+000	-3.509876e+000
5.250185e+000	-3.516826e+000
5.152959e+000	-3.519805e+000
5.055733e+000	-3.525762e+000
4.958507e+000	-3.528741e+000
4.861282e+000	-3.535691e+000
4.764056e+000	-3.539662e+000
4.666830e+000	-3.534698e+000
4.569604e+000	-3.526755e+000
4.472378e+000	-3.523776e+000
4.375153e+000	-3.531719e+000
4.277927e+000	-3.533705e+000
4.180701e+000	-3.531719e+000
4.083475e+000	-3.530726e+000
3.986250e+000	-3.534698e+000
3.889024e+000	-3.532712e+000
3.791798e+000	-3.526755e+000
3.694572e+000	-3.516826e+000
3.597347e+000	-3.512854e+000
3.500121e+000	-3.519805e+000
3.402896e+000	-3.530726e+000
3.305670e+000	-3.537677e+000
3.208445e+000	-3.539662e+000
3.111219e+000	-3.545620e+000
3.013993e+000	-3.547606e+000
2.916768e+000	-3.550584e+000
2.819542e+000	-3.547606e+000
2.722317e+000	-3.543634e+000
2.625091e+000	-3.546613e+000
2.527866e+000	-3.557534e+000
2.430640e+000	-3.562499e+000
2.333415e+000	-3.558527e+000
2.236189e+000	-3.554556e+000
2.138963e+000	-3.549591e+000
2.041738e+000	-3.549591e+000
1.944512e+000	-3.543634e+000
1.847287e+000	-3.536684e+000
1.750061e+000	-3.528741e+000
1.652836e+000	-3.529733e+000
1.555610e+000	-3.537677e+000
1.458385e+000	-3.542641e+000
1.361159e+000	-3.539662e+000
1.263933e+000	-3.541648e+000
1.166708e+000	-3.550584e+000
1.069482e+000	-3.551577e+000
9.722567e-001	-3.553563e+000
8.750312e-001	-3.548599e+000
7.778056e-001	-3.552570e+000
6.805800e-001	-3.566470e+000
5.833545e-001	-3.582357e+000
4.861289e-001	-3.586328e+000
3.889033e-001	-3.586328e+000
2.916777e-001	-3.586328e+000
1.944521e-001	-3.622072e+000
9.722657e-002	-3.693561e+000
9.853229e-007	-3.669731e+000
