   496,0
     8,0       0,002762
    10,0       0,017336
    12,0       0,038076
    14,0       0,026932
    16,0       0,103190
    18,0       0,006036
    20,0       0,027163
    22,0       0,076623
    24,0       0,007659
    26,0       0,023928
    28,0       0,004731
    30,0       0,067899
    32,0       0,034159
    34,0       0,033165
    36,0       0,044463
    38,0       0,001389
    40,0       0,004177
    42,0       0,054596
    44,0       0,028403
    46,0       0,047589
    48,0       0,194127
    50,0       0,161780
    52,0       0,470082
    54,0       0,018904
    56,0       0,075172
    58,0       0,001114
    60,0       0,024132
    62,0       0,004183
    64,0       0,018581
    66,0       0,008119
    68,0       0,019658
    70,0       0,047209
    72,0       0,005611
    74,0       0,048589
    76,0       0,012413
    78,0       0,033810
    80,0       0,033978
    82,0       0,017516
    84,0       0,062508
    86,0       0,009038
    88,0       0,021730
    90,0       0,011877
    92,0       0,010608
    94,0       0,066331
    96,0       0,003838
    98,0       0,004211
   100,0       0,008869
   102,0       0,011684
   104,0       0,062892
   106,0       0,009214
   108,0       0,028003
   110,0       0,038844
   112,0       0,065077
   114,0       0,036767
   116,0       0,004627
   118,0       0,077211
   120,0       0,017015
   122,0       0,001485
   124,0       0,111157
   126,0       0,001131
   128,0       0,062749
   130,0       0,016326
   132,0       0,047460
   134,0       0,001543
   136,0       0,012083
   138,0       0,021482
   140,0       0,020098
   142,0       0,121207
   144,0       0,048496
   146,0       0,036891
   148,0       0,001979
   150,0       0,027995
   152,0       0,198983
   154,0       0,012008
   156,0       0,006260
   158,0       0,006684
   160,0       0,004929
   162,0       0,005892
   164,0       0,033112
   166,0       0,020306
   168,0       0,053648
   170,0       0,006700
   172,0       0,000685
   174,0       0,003930
   176,0       0,004753
   178,0       0,023449
   180,0       0,037927
   182,0       0,016950
   184,0       0,139557
   186,0       0,031579
   188,0       0,011387
   190,0       0,004167
   192,0       0,078710
   194,0       0,004846
   196,0       0,009399
   198,0       0,001659
   200,0       0,012524
   202,0       0,012035
   204,0       0,087706
   206,0       0,006842
   208,0       0,075983
   210,0       0,053894
   212,0       0,019469
   214,0       0,015788
   216,0       0,016628
   218,0       0,002348
   220,0       0,016599
   222,0       0,083524
   224,0       0,033529
   226,0       0,109440
   228,0       0,014447
   230,0       0,144753
   232,0       0,012575
   234,0       0,008741
   236,0       0,026144
   238,0       0,025630
   240,0       0,048715
   242,0       0,056540
   244,0       0,054170
   246,0       0,006947
   248,0       0,071181
   250,0       0,022938
   252,0       0,113717
   254,0       0,154817
   256,0       0,083086
   258,0       0,000987
   260,0       0,068171
   262,0       0,076085
   264,0       0,030323
   266,0       0,097700
   268,0       0,005455
   270,0       0,279917
   272,0       0,135747
   274,0       0,034511
   276,0       0,285434
   278,0       0,127788
   280,0       0,052223
   282,0       0,009024
   284,0       0,032531
   286,0       0,113590
   288,0       0,099109
   290,0       0,120725
   292,0       0,220812
   294,0       0,050537
   296,0       0,155542
   298,0       0,101922
   300,0       0,103157
   302,0       0,127926
   304,0       0,060590
   306,0       0,197693
   308,0       0,253685
   310,0       0,068697
   312,0       0,059851
   314,0       0,356189
   316,0       0,084738
   318,0       0,048120
   320,0       0,254656
   322,0       0,408591
   324,0       0,141001
   326,0       0,173979
   328,0       0,231644
   330,0       0,305554
   332,0       0,165025
   334,0       0,518426
   336,0       0,310141
   338,0       0,756471
   340,0       0,922632
   342,0       0,731366
   344,0       1,181780
   346,0       1,008791
   348,0       0,374609
   350,0       0,169302
   352,0       0,101909
   354,0       0,254622
   356,0       0,294838
   358,0       0,344806
   360,0       0,377146
   362,0       0,496238
   364,0       0,836110
   366,0       0,942821
   368,0       1,255937
   370,0       0,917491
   372,0       1,855657
   374,0       2,370967
   376,0       2,274885
   378,0       4,121071
   380,0       6,544897
   382,0      11,210492
   384,0      18,853826
   386,0      30,299327
   388,0      34,514068
   390,0      28,915807
   392,0      29,303260
   394,0      13,875244
   396,0       7,845471
   398,0       5,418098
   400,0       2,922538
   402,0       1,445695
   404,0       1,554438
   406,0       0,664215
   408,0       0,918997
   410,0       0,551207
   412,0       0,185416
   414,0       0,096618
   416,0       0,482729
   418,0       1,275075
   420,0       4,021254
   422,0       8,610014
   424,0       6,107599
   426,0       3,455834
   428,0       2,845019
   430,0       2,133776
   432,0       1,447980
   434,0       1,068658
   436,0       0,965318
   438,0       0,458898
   440,0       0,690552
   442,0       0,306303
   444,0       0,223629
   446,0       0,376617
   448,0       0,174938
   450,0       0,143422
   452,0       0,119525
   454,0       0,040037
   456,0       0,004625
   458,0       0,013653
   460,0       0,052759
   462,0       0,326710
   464,0       0,815397
   466,0       1,762666
   468,0       4,443643
   470,0       7,398806
   472,0       5,979020
   474,0       3,260563
   476,0       2,583902
   478,0       1,826915
   480,0       1,627953
   482,0       0,608504
   484,0       1,202254
   486,0       0,706131
   488,0       0,702269
   490,0       0,786423
   492,0       0,533855
   494,0       0,468773
   496,0       0,717095
   498,0       0,340851
   500,0       0,334748
   502,0       0,506387
   504,0       0,211647
   506,0       0,526375
   508,0       0,301070
   510,0       0,112956
   512,0       0,110525
   514,0       0,215482
   516,0       0,468653
   518,0       0,096576
   520,0       0,178561
   522,0       0,289517
   524,0       0,228359
   526,0       0,322178
   528,0       0,040663
   530,0       0,129747
   532,0       0,098144
   534,0       0,180758
   536,0       0,084789
   538,0       0,116799
   540,0       0,138993
   542,0       0,037662
   544,0       0,386917
   546,0       0,198747
   548,0       0,118719
   550,0       0,148655
   552,0       0,072227
   554,0       0,081443
   556,0       0,161188
   558,0       0,058174
   560,0       0,057642
   562,0       0,123775
   564,0       0,295303
   566,0       0,062669
   568,0       0,152434
   570,0       0,034585
   572,0       0,136219
   574,0       0,109370
   576,0       0,249349
   578,0       0,062893
   580,0       0,032738
   582,0       0,075506
   584,0       0,052090
   586,0       0,142148
   588,0       0,084977
   590,0       0,124247
   592,0       0,095856
   594,0       0,161552
   596,0       0,019989
   598,0       0,035207
   600,0       0,072764
   602,0       0,036885
   604,0       0,045735
   606,0       0,005635
   608,0       0,017745
   610,0       0,021765
   612,0       0,321687
   614,0       0,179754
   616,0       0,053427
   618,0       0,021399
   620,0       0,044871
   622,0       0,137396
   624,0       0,176277
   626,0       0,174777
   628,0       0,033217
   630,0       0,054409
   632,0       0,076586
   634,0       0,028732
   636,0       0,130554
   638,0       0,010408
   640,0       0,014225
   642,0       0,057667
   644,0       0,144580
   646,0       0,086284
   648,0       0,031225
   650,0       0,086099
   652,0       0,179465
   654,0       0,020395
   656,0       0,021880
   658,0       0,056967
   660,0       0,066655
   662,0       0,039495
   664,0       0,052814
   666,0       0,064993
   668,0       0,057925
   670,0       0,085185
   672,0       0,012331
   674,0       0,112953
   676,0       0,016592
   678,0       0,016217
   680,0       0,149638
   682,0       0,056926
   684,0       0,019956
   686,0       0,007484
   688,0       0,033443
   690,0       0,031937
   692,0       0,058212
   694,0       0,033278
   696,0       0,060661
   698,0       0,070120
   700,0       0,005517
   702,0       0,033610
   704,0       0,019778
   706,0       0,048674
   708,0       0,038773
   710,0       0,024760
   712,0       0,019896
   714,0       0,002826
   716,0       0,033288
   718,0       0,039207
   720,0       0,034776
   722,0       0,016709
   724,0       0,049014
   726,0       0,140064
   728,0       0,036080
   730,0       0,049282
   732,0       0,146192
   734,0       0,001503
   736,0       0,063010
   738,0       0,036590
   740,0       0,035740
   742,0       0,036239
   744,0       0,002872
   746,0       0,030171
   748,0       0,113807
   750,0       0,002010
   752,0       0,007405
   754,0       0,011631
   756,0       0,034112
   758,0       0,015641
   760,0       0,000019
   762,0       0,031805
   764,0       0,031757
   766,0       0,072044
   768,0       0,010296
   770,0       0,027695
   772,0       0,024592
   774,0       0,027358
   776,0       0,016219
   778,0       0,035459
   780,0       0,006981
   782,0       0,008139
   784,0       0,047774
   786,0       0,078607
   788,0       0,014275
   790,0       0,053029
   792,0       0,057436
   794,0       0,024720
   796,0       0,018860
   798,0       0,014621
   800,0       0,001467
   802,0       0,149848
   804,0       0,004507
   806,0       0,074758
   808,0       0,019431
   810,0       0,002791
   812,0       0,003662
   814,0       0,051990
   816,0       0,085985
   818,0       0,048350
   820,0       0,032200
   822,0       0,051365
   824,0       0,003319
   826,0       0,044680
   828,0       0,026762
   830,0       0,017533
   832,0       0,020215
   834,0       0,051956
   836,0       0,017008
   838,0       0,036539
   840,0       0,020258
   842,0       0,017776
   844,0       0,003499
   846,0       0,005175
   848,0       0,113917
   850,0       0,054182
   852,0       0,051369
   854,0       0,085322
   856,0       0,017028
   858,0       0,019136
   860,0       0,002159
   862,0       0,019496
   864,0       0,029517
   866,0       0,121798
   868,0       0,079950
   870,0       0,002842
   872,0       0,003117
   874,0       0,012879
   876,0       0,007790
   878,0       0,097037
   880,0       0,022866
   882,0       0,002012
   884,0       0,038722
   886,0       0,044260
   888,0       0,063898
   890,0       0,006433
   892,0       0,042259
   894,0       0,009778
   896,0       0,003341
   898,0       0,049851
   900,0       0,006427
   902,0       0,007440
   904,0       0,004110
   906,0       0,016073
   908,0       0,022998
   910,0       0,094134
   912,0       0,005852
   914,0       0,133673
   916,0       0,022449
   918,0       0,015986
   920,0       0,010104
   922,0       0,040864
   924,0       0,000582
   926,0       0,021688
   928,0       0,078867
   930,0       0,068801
   932,0       0,002175
   934,0       0,016991
   936,0       0,039067
   938,0       0,016670
   940,0       0,002085
   942,0       0,007575
   944,0       0,060224
   946,0       0,001044
   948,0       0,001632
   950,0       0,026611
   952,0       0,027955
   954,0       0,003017
   956,0       0,002643
   958,0       0,054312
   960,0       0,037479
   962,0       0,115640
   964,0       0,003942
   966,0       0,021758
   968,0       0,056114
   970,0       0,010519
   972,0       0,021712
   974,0       0,022829
   976,0       0,002558
   978,0       0,047479
   980,0       0,028090
   982,0       0,007429
   984,0       0,016076
   986,0       0,052588
   988,0       0,006526
   990,0       0,021823
   992,0       0,092463
   994,0       0,027058
   996,0       0,007460
   998,0       0,002471
