500
2,000	0,000
4,000	0,000
6,000	0,000
8,000	0,000
10,000	0,000
12,000	0,000
14,000	0,000
16,000	0,000
18,000	0,000
20,000	0,000
22,000	0,000
24,000	0,000
26,000	0,000
28,000	0,000
30,000	0,000
32,000	0,000
34,000	0,000
36,000	0,000
38,000	0,000
40,000	0,000
42,000	0,000
44,000	0,000
46,000	0,000
48,000	0,000
50,000	0,000
52,000	0,000
54,000	0,000
56,000	0,000
58,000	0,000
60,000	0,000
62,000	0,000
64,000	0,000
66,000	0,000
68,000	0,000
70,000	0,000
72,000	0,000
74,000	0,000
76,000	0,000
78,000	0,000
80,000	0,000
82,000	0,000
84,000	0,000
86,000	0,000
88,000	0,000
90,000	0,000
92,000	0,000
94,000	0,000
96,000	0,000
98,000	0,000
100,000	0,000
102,000	0,000
104,000	0,013
106,000	0,016
108,000	0,019
110,000	0,017
112,000	0,014
114,000	0,016
116,000	0,015
118,000	0,014
120,000	0,016
122,000	0,018
124,000	0,014
126,000	0,016
128,000	0,019
130,000	0,019
132,000	0,019
134,000	0,018
136,000	0,015
138,000	0,018
140,000	0,015
142,000	0,016
144,000	0,018
146,000	0,016
148,000	0,020
150,000	0,019
152,000	0,023
154,000	0,018
156,000	0,017
158,000	0,017
160,000	0,014
162,000	0,017
164,000	0,020
166,000	0,016
168,000	0,017
170,000	0,018
172,000	0,017
174,000	0,017
176,000	0,018
178,000	0,019
180,000	0,015
182,000	0,015
184,000	0,016
186,000	0,017
188,000	0,020
190,000	0,014
192,000	0,018
194,000	0,014
196,000	0,019
198,000	0,018
200,000	0,014
202,000	0,020
204,000	0,018
206,000	0,019
208,000	0,016
210,000	0,019
212,000	0,015
214,000	0,017
216,000	0,018
218,000	0,021
220,000	0,016
222,000	0,019
224,000	0,018
226,000	0,018
228,000	0,017
230,000	0,016
232,000	0,018
234,000	0,017
236,000	0,018
238,000	0,020
240,000	0,017
242,000	0,018
244,000	0,019
246,000	0,017
248,000	0,020
250,000	0,021
252,000	0,021
254,000	0,022
256,000	0,015
258,000	0,019
260,000	0,021
262,000	0,021
264,000	0,017
266,000	0,020
268,000	0,021
270,000	0,018
272,000	0,020
274,000	0,021
276,000	0,020
278,000	0,020
280,000	0,020
282,000	0,019
284,000	0,020
286,000	0,023
288,000	0,018
290,000	0,020
292,000	0,024
294,000	0,022
296,000	0,019
298,000	0,018
300,000	0,021
302,000	0,024
304,000	0,021
306,000	0,026
308,000	0,024
310,000	0,022
312,000	0,021
314,000	0,024
316,000	0,021
318,000	0,023
320,000	0,022
322,000	0,023
324,000	0,021
326,000	0,022
328,000	0,020
330,000	0,018
332,000	0,019
334,000	0,024
336,000	0,022
338,000	0,020
340,000	0,018
342,000	0,021
344,000	0,021
346,000	0,018
348,000	0,023
350,000	0,027
352,000	0,022
354,000	0,023
356,000	0,023
358,000	0,021
360,000	0,020
362,000	0,021
364,000	0,020
366,000	0,022
368,000	0,020
370,000	0,024
372,000	0,021
374,000	0,021
376,000	0,019
378,000	0,024
380,000	0,024
382,000	0,027
384,000	0,027
386,000	0,026
388,000	0,021
390,000	0,029
392,000	0,029
394,000	0,026
396,000	0,029
398,000	0,028
400,000	0,025
402,000	0,029
404,000	0,026
406,000	0,026
408,000	0,029
410,000	0,031
412,000	0,029
414,000	0,030
416,000	0,031
418,000	0,027
420,000	0,030
422,000	0,032
424,000	0,033
426,000	0,031
428,000	0,031
430,000	0,034
432,000	0,034
434,000	0,033
436,000	0,036
438,000	0,035
440,000	0,039
442,000	0,037
444,000	0,043
446,000	0,040
448,000	0,043
450,000	0,041
452,000	0,046
454,000	0,044
456,000	0,048
458,000	0,051
460,000	0,051
462,000	0,050
464,000	0,059
466,000	0,057
468,000	0,064
470,000	0,068
472,000	0,074
474,000	0,071
476,000	0,081
478,000	0,078
480,000	0,067
482,000	0,075
484,000	0,074
486,000	0,083
488,000	0,083
490,000	0,083
492,000	0,085
494,000	0,086
496,000	0,087
498,000	0,091
500,000	0,100
502,000	0,107
504,000	0,122
506,000	0,146
508,000	0,133
510,000	0,122
512,000	0,120
514,000	0,111
516,000	0,098
518,000	0,085
520,000	0,061
522,000	0,044
524,000	0,034
526,000	0,025
528,000	0,023
530,000	0,019
532,000	0,013
534,000	0,015
536,000	0,013
538,000	0,007
540,000	0,003
542,000	0,006
544,000	0,005
546,000	0,002
548,000	0,002
550,000	0,006
552,000	0,003
554,000	0,009
556,000	0,009
558,000	0,011
560,000	0,012
562,000	0,016
564,000	0,015
566,000	0,013
568,000	0,017
570,000	0,016
572,000	0,020
574,000	0,021
576,000	0,022
578,000	0,025
580,000	0,021
582,000	0,028
584,000	0,026
586,000	0,026
588,000	0,029
590,000	0,026
592,000	0,025
594,000	0,033
596,000	0,034
598,000	0,032
600,000	0,033
602,000	0,038
604,000	0,038
606,000	0,038
608,000	0,038
610,000	0,039
612,000	0,041
614,000	0,043
616,000	0,036
618,000	0,042
620,000	0,043
622,000	0,049
624,000	0,049
626,000	0,055
628,000	0,057
630,000	0,062
632,000	0,062
634,000	0,065
636,000	0,066
638,000	0,072
640,000	0,073
642,000	0,078
644,000	0,081
646,000	0,086
648,000	0,090
650,000	0,101
652,000	0,110
654,000	0,119
656,000	0,133
658,000	0,156
660,000	0,166
662,000	0,176
664,000	0,178
666,000	0,206
668,000	0,188
670,000	0,179
672,000	0,193
674,000	0,200
676,000	0,212
678,000	0,212
680,000	0,214
682,000	0,221
684,000	0,229
686,000	0,238
688,000	0,252
690,000	0,280
692,000	0,308
694,000	0,391
696,000	0,455
698,000	0,424
700,000	0,426
702,000	0,425
704,000	0,402
706,000	0,380
708,000	0,341
710,000	0,275
712,000	0,217
714,000	0,185
716,000	0,152
718,000	0,134
720,000	0,121
722,000	0,112
724,000	0,104
726,000	0,097
728,000	0,092
730,000	0,091
732,000	0,086
734,000	0,088
736,000	0,079
738,000	0,077
740,000	0,073
742,000	0,074
744,000	0,066
746,000	0,061
748,000	0,059
750,000	0,055
752,000	0,053
754,000	0,053
756,000	0,051
758,000	0,046
760,000	0,042
762,000	0,046
764,000	0,047
766,000	0,048
768,000	0,043
770,000	0,043
772,000	0,043
774,000	0,042
776,000	0,043
778,000	0,036
780,000	0,039
782,000	0,039
784,000	0,038
786,000	0,037
788,000	0,036
790,000	0,035
792,000	0,033
794,000	0,032
796,000	0,030
798,000	0,029
800,000	0,030
802,000	0,028
804,000	0,028
806,000	0,030
808,000	0,028
810,000	0,029
812,000	0,028
814,000	0,026
816,000	0,024
818,000	0,025
820,000	0,022
822,000	0,022
824,000	0,024
826,000	0,020
828,000	0,022
830,000	0,021
832,000	0,020
834,000	0,016
836,000	0,022
838,000	0,015
840,000	0,018
842,000	0,018
844,000	0,016
846,000	0,019
848,000	0,018
850,000	0,017
852,000	0,015
854,000	0,015
856,000	0,019
858,000	0,021
860,000	0,018
862,000	0,022
864,000	0,018
866,000	0,021
868,000	0,021
870,000	0,026
872,000	0,025
874,000	0,030
876,000	0,035
878,000	0,028
880,000	0,029
882,000	0,025
884,000	0,018
886,000	0,021
888,000	0,020
890,000	0,019
892,000	0,020
894,000	0,019
896,000	0,020
898,000	0,022
900,000	0,019
902,000	0,017
904,000	0,018
906,000	0,017
908,000	0,015
910,000	0,017
912,000	0,019
914,000	0,015
916,000	0,019
918,000	0,012
920,000	0,018
922,000	0,015
924,000	0,016
926,000	0,016
928,000	0,016
930,000	0,017
932,000	0,014
934,000	0,018
936,000	0,015
938,000	0,012
940,000	0,017
942,000	0,016
944,000	0,015
946,000	0,015
948,000	0,016
950,000	0,016
952,000	0,013
954,000	0,011
956,000	0,014
958,000	0,016
960,000	0,014
962,000	0,011
964,000	0,013
966,000	0,013
968,000	0,014
970,000	0,012
972,000	0,012
974,000	0,012
976,000	0,013
978,000	0,009
980,000	0,012
982,000	0,015
984,000	0,014
986,000	0,011
988,000	0,010
990,000	0,010
992,000	0,009
994,000	0,011
996,000	0,013
998,000	0,010
1000,000	0,012
