X	Y
0	-13621162.000000000
1	-13372347.000000000
2	-13248478.000000000
3	-13156123.000000000
4	-13070164.000000000
5	-12970063.000000000
6	-12882926.000000000
7	-12820131.000000000
8	-12785779.000000000
9	-12773898.000000000
10	-12731270.000000000
11	-12679264.000000000
12	-12634485.000000000
13	-12610889.000000000
14	-12612476.000000000
15	-12626166.000000000
16	-12642078.000000000
17	-12693663.000000000
18	-12741796.000000000
19	-12801255.000000000
20	-12872316.000000000
21	-12931318.000000000
22	-12979185.000000000
23	-13019894.000000000
24	-13063235.000000000
25	-13101338.000000000
26	-13170182.000000000
27	-13208920.000000000
28	-13244574.000000000
29	-13297610.000000000
30	-13330574.000000000
31	-13368325.000000000
32	-13411878.000000000
33	-13441649.000000000
34	-13471064.000000000
35	-13511884.000000000
36	-13525323.000000000
37	-13543393.000000000
38	-13538772.000000000
39	-13534639.000000000
40	-13480510.000000000
41	-13400850.000000000
42	-13343372.000000000
43	-13276495.000000000
44	-13195451.000000000
45	-13106989.000000000
46	-13028374.000000000
47	-12959238.000000000
48	-12884167.000000000
49	-12833655.000000000
50	-12783208.000000000
51	-12724738.000000000
52	-12680879.000000000
53	-12652665.000000000
54	-12635275.000000000
55	-12635490.000000000
56	-12646262.000000000
57	-12681955.000000000
58	-12723618.000000000
59	-12756982.000000000
60	-12810047.000000000
61	-12888013.000000000
62	-12957455.000000000
63	-13025592.000000000
64	-13110530.000000000
65	-13199169.000000000
66	-13267238.000000000
67	-13344357.000000000
68	-13409944.000000000
69	-13451163.000000000
70	-13496196.000000000
71	-13552834.000000000
72	-13584768.000000000
73	-13612136.000000000
74	-13651132.000000000
75	-13668687.000000000
76	-13674063.000000000
77	-13680131.000000000
78	-13701372.000000000
79	-13743114.000000000
80	-13739162.000000000
81	-13735464.000000000
82	-13757207.000000000
83	-13776597.000000000
84	-13762879.000000000
85	-13777844.000000000
86	-13762410.000000000
87	-13732429.000000000
88	-13691735.000000000
89	-13629347.000000000
90	-13549722.000000000
91	-13452974.000000000
92	-13371568.000000000
93	-13261087.000000000
94	-13148477.000000000
95	-13062233.000000000
96	-12987726.000000000
97	-12900633.000000000
98	-12823440.000000000
99	-12746321.000000000
100	-12702569.000000000
101	-12668741.000000000
102	-12642845.000000000
103	-12620307.000000000
104	-12635539.000000000
105	-12640571.000000000
106	-12674967.000000000
107	-12724203.000000000
108	-12769926.000000000
109	-12813048.000000000
110	-12849934.000000000
111	-12903062.000000000
112	-12952232.000000000
113	-12996337.000000000
114	-13045546.000000000
115	-13075777.000000000
116	-13095375.000000000
117	-13125568.000000000
118	-13173924.000000000
119	-13214805.000000000
120	-13252011.000000000
121	-13269311.000000000
122	-13309506.000000000
123	-13366276.000000000
124	-13406445.000000000
125	-13451815.000000000
126	-13476009.000000000
127	-13482041.000000000
128	-13480010.000000000
129	-13464762.000000000
130	-13439935.000000000
131	-13399507.000000000
132	-13336953.000000000
133	-13259930.000000000
134	-13178172.000000000
135	-13111012.000000000
136	-13042141.000000000
137	-12966019.000000000
138	-12888481.000000000
139	-12807983.000000000
140	-12731924.000000000
141	-12662193.000000000
142	-12616771.000000000
143	-12597461.000000000
144	-12574554.000000000
145	-12577017.000000000
146	-12596642.000000000
147	-12621365.000000000
148	-12655340.000000000
149	-12695457.000000000
150	-12733057.000000000
151	-12769548.000000000
152	-12822614.000000000
153	-12888438.000000000
154	-12958078.000000000
155	-13017714.000000000
156	-13094838.000000000
157	-13156035.000000000
158	-13205604.000000000
159	-13253955.000000000
160	-13339184.000000000
161	-13394065.000000000
162	-13455868.000000000
163	-13493971.000000000
164	-13532949.000000000
165	-13556965.000000000
166	-13586371.000000000
167	-13622425.000000000
168	-13652701.000000000
169	-13669799.000000000
170	-13680788.000000000
171	-13690073.000000000
172	-13690846.000000000
173	-13702748.000000000
174	-13735531.000000000
175	-13748852.000000000
176	-13718776.000000000
177	-13705955.000000000
178	-13675599.000000000
179	-13632237.000000000
180	-13608401.000000000
181	-13557150.000000000
182	-13480112.000000000
183	-13372420.000000000
184	-13251963.000000000
185	-13127652.000000000
186	-13038552.000000000
187	-12936172.000000000
188	-12837317.000000000
189	-12760680.000000000
190	-12702929.000000000
191	-12646854.000000000
192	-12615771.000000000
193	-12600399.000000000
194	-12603469.000000000
195	-12598489.000000000
196	-12605348.000000000
197	-12630265.000000000
198	-12659241.000000000
199	-12684533.000000000
200	-12715448.000000000
201	-12772529.000000000
202	-12796698.000000000
203	-12831772.000000000
204	-12866901.000000000
205	-12908822.000000000
206	-12957509.000000000
207	-12991142.000000000
208	-13040021.000000000
209	-13079694.000000000
210	-13092940.000000000
211	-13132334.000000000
212	-13167017.000000000
213	-13203817.000000000
214	-13250068.000000000
215	-13297053.000000000
216	-13337804.000000000
217	-13367757.000000000
218	-13412356.000000000
219	-13441123.000000000
220	-13444333.000000000
221	-13445324.000000000
222	-13432999.000000000
223	-13414860.000000000
224	-13366994.000000000
225	-13290152.000000000
226	-13207495.000000000
227	-13113801.000000000
228	-13034188.000000000
229	-12936666.000000000
230	-12849237.000000000
231	-12764347.000000000
232	-12703774.000000000
233	-12637029.000000000
234	-12598704.000000000
235	-12572180.000000000
236	-12535548.000000000
237	-12535690.000000000
238	-12542582.000000000
239	-12542761.000000000
240	-12563262.000000000
241	-12602076.000000000
242	-12655077.000000000
243	-12715586.000000000
244	-12752275.000000000
245	-12795492.000000000
246	-12837858.000000000
247	-12881930.000000000
248	-12949347.000000000
249	-12986405.000000000
250	-13041713.000000000
251	-13106700.000000000
252	-13190020.000000000
253	-13225650.000000000
254	-13264816.000000000
255	-13327834.000000000
256	-13403283.000000000
257	-13437685.000000000
258	-13475590.000000000
259	-13520740.000000000
260	-13543400.000000000
261	-13574079.000000000
262	-13607466.000000000
263	-13630985.000000000
264	-13656186.000000000
265	-13667973.000000000
266	-13692851.000000000
267	-13703625.000000000
268	-13730033.000000000
269	-13737826.000000000
270	-13720256.000000000
271	-13709313.000000000
272	-13691687.000000000
273	-13642710.000000000
274	-13575319.000000000
275	-13522366.000000000
276	-13460516.000000000
277	-13333056.000000000
278	-13231478.000000000
279	-13144860.000000000
280	-13044346.000000000
281	-12951932.000000000
282	-12847561.000000000
283	-12750966.000000000
284	-12668758.000000000
285	-12604277.000000000
286	-12556022.000000000
287	-12523680.000000000
288	-12485782.000000000
289	-12489753.000000000
290	-12500588.000000000
291	-12533445.000000000
292	-12580528.000000000
293	-12600850.000000000
294	-12641755.000000000
295	-12694146.000000000
296	-12720419.000000000
297	-12759161.000000000
298	-12802508.000000000
299	-12841237.000000000
300	-12914294.000000000
301	-12943513.000000000
302	-12992115.000000000
303	-13034657.000000000
304	-13062958.000000000
305	-13090480.000000000
306	-13122725.000000000
307	-13152110.000000000
308	-13173254.000000000
309	-13190519.000000000
310	-13222160.000000000
311	-13249397.000000000
312	-13283368.000000000
313	-13322239.000000000
314	-13350984.000000000
315	-13358850.000000000
316	-13373364.000000000
317	-13355043.000000000
318	-13348875.000000000
319	-13316764.000000000
320	-13275142.000000000
321	-13192696.000000000
322	-13086539.000000000
323	-12995384.000000000
324	-12894284.000000000
325	-12809594.000000000
326	-12737007.000000000
327	-12640756.000000000
328	-12563098.000000000
329	-12493153.000000000
330	-12423196.000000000
331	-12382609.000000000
332	-12357202.000000000
333	-12355407.000000000
334	-12363634.000000000
335	-12387974.000000000
336	-12431199.000000000
337	-12498610.000000000
338	-12540090.000000000
339	-12600211.000000000
340	-12646839.000000000
341	-12734929.000000000
342	-12810058.000000000
343	-12863456.000000000
344	-12932573.000000000
345	-13000462.000000000
346	-13044120.000000000
347	-13107735.000000000
348	-13177922.000000000
349	-13211938.000000000
350	-13242049.000000000
351	-13306628.000000000
352	-13349626.000000000
353	-13397678.000000000
354	-13427401.000000000
355	-13464992.000000000
356	-13496019.000000000
357	-13539409.000000000
358	-13572774.000000000
359	-13594568.000000000
360	-13602074.000000000
361	-13630315.000000000
362	-13650714.000000000
363	-13654637.000000000
364	-13661119.000000000
365	-13685262.000000000
366	-13706979.000000000
367	-13706060.000000000
368	-13675377.000000000
369	-13647657.000000000
370	-13621771.000000000
371	-13584115.000000000
372	-13537704.000000000
373	-13467333.000000000
374	-13391871.000000000
375	-13289157.000000000
376	-13155443.000000000
377	-13043288.000000000
378	-12911503.000000000
379	-12789597.000000000
380	-12679273.000000000
381	-12591930.000000000
382	-12515224.000000000
383	-12449447.000000000
384	-12374011.000000000
385	-12342631.000000000
386	-12348077.000000000
387	-12382164.000000000
388	-12420588.000000000
389	-12446637.000000000
390	-12498423.000000000
391	-12562300.000000000
392	-12595399.000000000
393	-12623092.000000000
394	-12666910.000000000
395	-12737477.000000000
396	-12797696.000000000
397	-12851926.000000000
398	-12897835.000000000
399	-12949661.000000000
400	-13002406.000000000
401	-13058078.000000000
402	-13085955.000000000
403	-13110204.000000000
404	-13133947.000000000
405	-13170275.000000000
406	-13186882.000000000
407	-13217306.000000000
408	-13256527.000000000
409	-13268437.000000000
410	-13293379.000000000
411	-13319076.000000000
412	-13345258.000000000
413	-13388939.000000000
414	-13405247.000000000
415	-13385216.000000000
416	-13381505.000000000
417	-13382315.000000000
418	-13349329.000000000
419	-13287169.000000000
420	-13224650.000000000
421	-13153369.000000000
422	-13053016.000000000
423	-12933410.000000000
424	-12794257.000000000
425	-12694743.000000000
426	-12583746.000000000
427	-12484896.000000000
428	-12410942.000000000
429	-12366014.000000000
430	-12314903.000000000
431	-12289770.000000000
432	-12284846.000000000
433	-12297769.000000000
434	-12325272.000000000
435	-12356700.000000000
436	-12405394.000000000
437	-12464356.000000000
438	-12524761.000000000
439	-12594988.000000000
440	-12672562.000000000
441	-12756956.000000000
442	-12843479.000000000
443	-12916487.000000000
444	-12979123.000000000
445	-13053022.000000000
446	-13112465.000000000
447	-13175694.000000000
448	-13226482.000000000
449	-13285355.000000000
450	-13344303.000000000
451	-13369248.000000000
452	-13403980.000000000
453	-13451823.000000000
454	-13490159.000000000
455	-13524045.000000000
456	-13564600.000000000
457	-13590800.000000000
458	-13612384.000000000
459	-13620512.000000000
460	-13641340.000000000
461	-13653468.000000000
462	-13664378.000000000
463	-13669128.000000000
464	-13672711.000000000
465	-13682545.000000000
466	-13690350.000000000
467	-13674170.000000000
468	-13684309.000000000
469	-13690824.000000000
470	-13689397.000000000
471	-13690373.000000000
472	-13636372.000000000
473	-13562223.000000000
474	-13488413.000000000
475	-13396269.000000000
476	-13272625.000000000
477	-13135160.000000000
478	-13017552.000000000
479	-12892860.000000000
480	-12741952.000000000
481	-12614596.000000000
482	-12508875.000000000
483	-12418659.000000000
484	-12343431.000000000
485	-12264275.000000000
486	-12221498.000000000
487	-12199701.000000000
488	-12212498.000000000
489	-12239883.000000000
490	-12300420.000000000
491	-12333161.000000000
492	-12407850.000000000
493	-12474271.000000000
494	-12559984.000000000
495	-12636853.000000000
496	-12725712.000000000
497	-12775660.000000000
498	-12835236.000000000
499	-12868760.000000000
500	-12926439.000000000
501	-12993426.000000000
502	-13051598.000000000
503	-13095893.000000000
504	-13128480.000000000
505	-13147258.000000000
506	-13190932.000000000
507	-13201672.000000000
508	-13242487.000000000
509	-13257232.000000000
510	-13263189.000000000
511	-13281068.000000000
512	-13313145.000000000
513	-13330331.000000000
514	-13357448.000000000
515	-13394249.000000000
516	-13407565.000000000
517	-13429597.000000000
518	-13457733.000000000
519	-13447067.000000000
520	-13439997.000000000
521	-13410153.000000000
522	-13340471.000000000
523	-13246370.000000000
524	-13126914.000000000
525	-13005585.000000000
526	-12889756.000000000
527	-12770706.000000000
528	-12628529.000000000
529	-12514817.000000000
530	-12402011.000000000
531	-12313368.000000000
532	-12238596.000000000
533	-12185827.000000000
534	-12154502.000000000
535	-12134182.000000000
536	-12162671.000000000
537	-12173080.000000000
538	-12214437.000000000
539	-12285390.000000000
540	-12355145.000000000
541	-12436760.000000000
542	-12529579.000000000
543	-12624993.000000000
544	-12714662.000000000
545	-12810109.000000000
546	-12889866.000000000
547	-12952032.000000000
548	-13036429.000000000
549	-13099082.000000000
550	-13164963.000000000
551	-13238186.000000000
552	-13292628.000000000
553	-13373625.000000000
554	-13439674.000000000
555	-13479656.000000000
556	-13532329.000000000
557	-13578933.000000000
558	-13622358.000000000
559	-13646819.000000000
560	-13658055.000000000
561	-13663862.000000000
562	-13674545.000000000
563	-13685947.000000000
564	-13690578.000000000
565	-13710207.000000000
566	-13690773.000000000
567	-13692299.000000000
568	-13724598.000000000
569	-13723408.000000000
570	-13717012.000000000
571	-13725544.000000000
572	-13710007.000000000
573	-13717911.000000000
574	-13734729.000000000
575	-13700981.000000000
576	-13697753.000000000
577	-13698570.000000000
578	-13649529.000000000
579	-13589423.000000000
580	-13505975.000000000
581	-13393811.000000000
582	-13279646.000000000
583	-13138173.000000000
584	-12994452.000000000
585	-12827051.000000000
586	-12674434.000000000
587	-12524827.000000000
588	-12377804.000000000
589	-12265937.000000000
590	-12186966.000000000
591	-12122213.000000000
592	-12084664.000000000
593	-12082708.000000000
594	-12103402.000000000
595	-12137248.000000000
596	-12192742.000000000
597	-12258883.000000000
598	-12342488.000000000
599	-12433644.000000000
600	-12492135.000000000
601	-12564016.000000000
602	-12641117.000000000
603	-12726623.000000000
604	-12819143.000000000
605	-12890194.000000000
606	-12936624.000000000
607	-12994518.000000000
608	-13063679.000000000
609	-13135593.000000000
610	-13191988.000000000
611	-13243858.000000000
612	-13279054.000000000
613	-13290032.000000000
614	-13312315.000000000
615	-13350178.000000000
616	-13376246.000000000
617	-13389307.000000000
618	-13385106.000000000
619	-13388336.000000000
620	-13415824.000000000
621	-13425219.000000000
622	-13434320.000000000
623	-13435940.000000000
624	-13458245.000000000
625	-13484546.000000000
626	-13495968.000000000
627	-13464657.000000000
628	-13470975.000000000
629	-13470550.000000000
630	-13421661.000000000
631	-13347084.000000000
632	-13254159.000000000
633	-13132809.000000000
634	-12998280.000000000
635	-12878063.000000000
636	-12741845.000000000
637	-12595277.000000000
638	-12459249.000000000
639	-12345034.000000000
640	-12260315.000000000
641	-12197751.000000000
642	-12163937.000000000
643	-12134936.000000000
644	-12155567.000000000
645	-12173240.000000000
646	-12231893.000000000
647	-12293917.000000000
648	-12359531.000000000
649	-12419291.000000000
650	-12532632.000000000
651	-12633186.000000000
652	-12721257.000000000
653	-12814438.000000000
654	-12912451.000000000
655	-13006947.000000000
656	-13095535.000000000
657	-13172868.000000000
658	-13242900.000000000
659	-13321373.000000000
660	-13371365.000000000
661	-13434868.000000000
662	-13473038.000000000
663	-13510918.000000000
664	-13584625.000000000
665	-13632738.000000000
666	-13655429.000000000
667	-13682233.000000000
668	-13702776.000000000
669	-13734220.000000000
670	-13757923.000000000
671	-13791831.000000000
672	-13804974.000000000
673	-13808247.000000000
674	-13827594.000000000
675	-13822626.000000000
676	-13822198.000000000
677	-13825457.000000000
678	-13804313.000000000
679	-13804664.000000000
680	-13786161.000000000
681	-13796888.000000000
682	-13793463.000000000
683	-13796718.000000000
684	-13790364.000000000
685	-13809577.000000000
686	-13806616.000000000
687	-13768573.000000000
688	-13744717.000000000
689	-13695898.000000000
690	-13651171.000000000
691	-13579845.000000000
692	-13468495.000000000
693	-13360311.000000000
694	-13231477.000000000
695	-13081780.000000000
696	-12924901.000000000
697	-12800864.000000000
698	-12640348.000000000
699	-12471506.000000000
700	-12359978.000000000
701	-12299388.000000000
702	-12230476.000000000
703	-12165657.000000000
704	-12143553.000000000
705	-12147611.000000000
706	-12168099.000000000
707	-12209992.000000000
708	-12258583.000000000
709	-12315298.000000000
710	-12395574.000000000
711	-12484243.000000000
712	-12562715.000000000
713	-12671570.000000000
714	-12769902.000000000
715	-12861321.000000000
716	-12948387.000000000
717	-13023351.000000000
718	-13084301.000000000
719	-13149335.000000000
720	-13222901.000000000
721	-13285935.000000000
722	-13325600.000000000
723	-13350067.000000000
724	-13370943.000000000
725	-13388943.000000000
726	-13414181.000000000
727	-13428993.000000000
728	-13458260.000000000
729	-13496261.000000000
730	-13518055.000000000
731	-13528119.000000000
732	-13562612.000000000
733	-13568686.000000000
734	-13579415.000000000
735	-13580113.000000000
736	-13590472.000000000
737	-13610709.000000000
738	-13603251.000000000
739	-13604037.000000000
740	-13642321.000000000
741	-13652785.000000000
742	-13625148.000000000
743	-13600664.000000000
744	-13553548.000000000
745	-13472490.000000000
746	-13385275.000000000
747	-13258046.000000000
748	-13111968.000000000
749	-12963378.000000000
750	-12819833.000000000
751	-12696048.000000000
752	-12557071.000000000
753	-12464498.000000000
754	-12388787.000000000
755	-12297148.000000000
756	-12249297.000000000
757	-12239987.000000000
758	-12227959.000000000
759	-12247243.000000000
760	-12307557.000000000
761	-12367069.000000000
762	-12421157.000000000
763	-12491475.000000000
764	-12584306.000000000
765	-12680334.000000000
766	-12748767.000000000
767	-12851547.000000000
768	-12945717.000000000
769	-13037615.000000000
770	-13109197.000000000
771	-13199744.000000000
772	-13289411.000000000
773	-13363969.000000000
774	-13434391.000000000
775	-13494144.000000000
776	-13561108.000000000
777	-13636873.000000000
778	-13675655.000000000
779	-13714296.000000000
780	-13747271.000000000
781	-13781383.000000000
782	-13810454.000000000
783	-13835399.000000000
784	-13852483.000000000
785	-13863214.000000000
786	-13878006.000000000
787	-13924229.000000000
788	-13945855.000000000
789	-13950720.000000000
790	-13953120.000000000
791	-13962719.000000000
792	-13947336.000000000
793	-13936791.000000000
794	-13932806.000000000
795	-13944281.000000000
796	-13910034.000000000
797	-13916751.000000000
798	-13922548.000000000
799	-13907147.000000000
800	-13886999.000000000
801	-13882375.000000000
802	-13908747.000000000
803	-13911666.000000000
804	-13894273.000000000
805	-13889587.000000000
806	-13863416.000000000
807	-13806554.000000000
808	-13734470.000000000
809	-13631754.000000000
810	-13507789.000000000
811	-13364229.000000000
812	-13227582.000000000
813	-13082236.000000000
814	-12923674.000000000
815	-12802878.000000000
816	-12686053.000000000
817	-12574680.000000000
818	-12469616.000000000
819	-12400560.000000000
820	-12361997.000000000
821	-12330011.000000000
822	-12321196.000000000
823	-12343593.000000000
824	-12360485.000000000
825	-12410731.000000000
826	-12478152.000000000
827	-12563402.000000000
828	-12640754.000000000
829	-12731445.000000000
830	-12834525.000000000
831	-12926517.000000000
832	-13016126.000000000
833	-13098453.000000000
834	-13185591.000000000
835	-13265548.000000000
836	-13330664.000000000
837	-13359898.000000000
838	-13382701.000000000
839	-13422747.000000000
840	-13497519.000000000
841	-13535198.000000000
842	-13571655.000000000
843	-13584516.000000000
844	-13617013.000000000
845	-13645416.000000000
846	-13663107.000000000
847	-13666253.000000000
848	-13678931.000000000
849	-13705679.000000000
850	-13694722.000000000
851	-13691957.000000000
852	-13713426.000000000
853	-13728583.000000000
854	-13738615.000000000
855	-13744906.000000000
856	-13749280.000000000
857	-13754225.000000000
858	-13776050.000000000
859	-13786868.000000000
860	-13804458.000000000
861	-13800523.000000000
862	-13781120.000000000
863	-13740819.000000000
864	-13660042.000000000
865	-13601003.000000000
866	-13510378.000000000
867	-13391073.000000000
868	-13260770.000000000
869	-13134206.000000000
870	-13017283.000000000
871	-12918948.000000000
872	-12782837.000000000
873	-12671069.000000000
874	-12548799.000000000
875	-12479117.000000000
876	-12424644.000000000
877	-12372261.000000000
878	-12342745.000000000
879	-12364757.000000000
880	-12422814.000000000
881	-12475124.000000000
882	-12547004.000000000
883	-12627323.000000000
884	-12718385.000000000
885	-12829699.000000000
886	-12883446.000000000
887	-12966017.000000000
888	-13072901.000000000
889	-13154527.000000000
890	-13238720.000000000
891	-13327828.000000000
892	-13404176.000000000
893	-13481499.000000000
894	-13567374.000000000
895	-13626007.000000000
896	-13678016.000000000
897	-13736915.000000000
898	-13797482.000000000
899	-13843084.000000000
900	-13860783.000000000
901	-13885294.000000000
902	-13934873.000000000
903	-13954963.000000000
904	-13980480.000000000
905	-14009406.000000000
906	-14030068.000000000
907	-14054902.000000000
908	-14068193.000000000
909	-14084975.000000000
910	-14102780.000000000
911	-14085447.000000000
912	-14107652.000000000
913	-14127194.000000000
914	-14130672.000000000
915	-14141902.000000000
916	-14131376.000000000
917	-14152223.000000000
918	-14115731.000000000
919	-14090270.000000000
920	-14095339.000000000
921	-14090669.000000000
922	-14074386.000000000
923	-14078659.000000000
924	-14100691.000000000
925	-14097631.000000000
926	-14064895.000000000
927	-14062862.000000000
928	-14035870.000000000
929	-13995564.000000000
930	-13955599.000000000
931	-13887651.000000000
932	-13788800.000000000
933	-13685545.000000000
934	-13564966.000000000
935	-13443788.000000000
936	-13290534.000000000
937	-13143936.000000000
938	-13016186.000000000
939	-12881270.000000000
940	-12776992.000000000
941	-12664776.000000000
942	-12575886.000000000
943	-12506154.000000000
944	-12482180.000000000
945	-12470921.000000000
946	-12483555.000000000
947	-12533355.000000000
948	-12578724.000000000
949	-12633730.000000000
950	-12701560.000000000
951	-12783318.000000000
952	-12860921.000000000
953	-12937705.000000000
954	-13026867.000000000
955	-13114263.000000000
956	-13225241.000000000
957	-13313361.000000000
958	-13380469.000000000
959	-13445102.000000000
960	-13531460.000000000
961	-13575797.000000000
962	-13627848.000000000
963	-13664208.000000000
964	-13700919.000000000
965	-13717732.000000000
966	-13753619.000000000
967	-13777058.000000000
968	-13774075.000000000
969	-13787973.000000000
970	-13826734.000000000
971	-13853731.000000000
972	-13868553.000000000
973	-13872457.000000000
974	-13876941.000000000
975	-13895151.000000000
976	-13909316.000000000
977	-13899007.000000000
978	-13904471.000000000
979	-13909841.000000000
980	-13915018.000000000
981	-13918426.000000000
982	-13923131.000000000
983	-13939521.000000000
984	-13952031.000000000
985	-13961124.000000000
986	-13952731.000000000
987	-13953786.000000000
988	-13946338.000000000
989	-13919501.000000000
990	-13855152.000000000
991	-13791298.000000000
992	-13717576.000000000
993	-13614655.000000000
994	-13507096.000000000
995	-13367618.000000000
996	-13228768.000000000
997	-13130649.000000000
998	-12998566.000000000
999	-12871950.000000000
1000	-12754024.000000000
1001	-12701235.000000000
1002	-12628828.000000000
1003	-12588534.000000000
1004	-12580202.000000000
1005	-12574927.000000000
1006	-12604088.000000000
1007	-12643380.000000000
1008	-12696848.000000000
1009	-12763188.000000000
1010	-12858231.000000000
1011	-12944395.000000000
1012	-13035195.000000000
1013	-13117070.000000000
1014	-13202811.000000000
1015	-13304083.000000000
1016	-13406254.000000000
1017	-13489186.000000000
1018	-13567770.000000000
1019	-13658588.000000000
1020	-13707786.000000000
1021	-13772481.000000000
1022	-13828506.000000000
1023	-13900696.000000000
1024	-13945594.000000000
1025	-13996637.000000000
1026	-14034842.000000000
1027	-14059031.000000000
1028	-14098606.000000000
1029	-14112558.000000000
1030	-14155426.000000000
1031	-14197141.000000000
1032	-14242320.000000000
1033	-14223719.000000000
1034	-14211383.000000000
1035	-14259903.000000000
1036	-14302534.000000000
1037	-14294191.000000000
1038	-14271670.000000000
1039	-14301730.000000000
1040	-14321597.000000000
1041	-14290146.000000000
1042	-14306259.000000000
1043	-14308814.000000000
1044	-14323149.000000000
1045	-14315460.000000000
1046	-14303533.000000000
1047	-14296477.000000000
1048	-14320663.000000000
1049	-14314875.000000000
1050	-14295091.000000000
1051	-14291092.000000000
1052	-14286625.000000000
1053	-14262727.000000000
1054	-14248486.000000000
1055	-14243477.000000000
1056	-14237918.000000000
1057	-14240096.000000000
1058	-14235227.000000000
1059	-14213790.000000000
1060	-14179713.000000000
1061	-14121609.000000000
1062	-14036527.000000000
1063	-13949528.000000000
1064	-13843619.000000000
1065	-13729095.000000000
1066	-13598992.000000000
1067	-13448674.000000000
1068	-13325674.000000000
1069	-13202757.000000000
1070	-13090049.000000000
1071	-12976620.000000000
1072	-12878060.000000000
1073	-12808278.000000000
1074	-12753677.000000000
1075	-12746944.000000000
1076	-12749552.000000000
1077	-12754991.000000000
1078	-12773898.000000000
1079	-12838784.000000000
1080	-12902483.000000000
1081	-12975627.000000000
1082	-13061034.000000000
1083	-13139818.000000000
1084	-13222211.000000000
1085	-13317437.000000000
1086	-13399355.000000000
1087	-13476947.000000000
1088	-13567422.000000000
1089	-13639102.000000000
1090	-13696240.000000000
1091	-13768168.000000000
1092	-13830216.000000000
1093	-13894705.000000000
1094	-13936331.000000000
1095	-13966414.000000000
1096	-14000128.000000000
1097	-14033763.000000000
1098	-14024129.000000000
1099	-14050647.000000000
1100	-14049129.000000000
1101	-14074167.000000000
1102	-14085440.000000000
1103	-14098177.000000000
1104	-14119396.000000000
1105	-14109889.000000000
1106	-14119941.000000000
1107	-14127358.000000000
1108	-14115333.000000000
1109	-14126420.000000000
1110	-14141343.000000000
1111	-14143432.000000000
1112	-14141434.000000000
1113	-14164725.000000000
1114	-14187527.000000000
1115	-14199201.000000000
1116	-14210515.000000000
1117	-14197133.000000000
1118	-14193980.000000000
1119	-14207032.000000000
1120	-14210640.000000000
1121	-14192495.000000000
1122	-14199823.000000000
1123	-14208272.000000000
1124	-14148531.000000000
1125	-14082446.000000000
1126	-14015709.000000000
1127	-13946467.000000000
1128	-13853386.000000000
1129	-13750567.000000000
1130	-13626974.000000000
1131	-13507091.000000000
1132	-13398457.000000000
1133	-13297732.000000000
1134	-13180922.000000000
1135	-13069764.000000000
1136	-13013942.000000000
1137	-12963622.000000000
1138	-12911007.000000000
1139	-12890351.000000000
1140	-12895953.000000000
1141	-12920259.000000000
1142	-12965431.000000000
1143	-13003728.000000000
1144	-13086350.000000000
1145	-13181121.000000000
1146	-13254401.000000000
1147	-13343002.000000000
1148	-13413072.000000000
1149	-13512887.000000000
1150	-13610276.000000000
1151	-13683066.000000000
1152	-13753221.000000000
1153	-13835308.000000000
1154	-13897773.000000000
1155	-13944708.000000000
1156	-14011816.000000000
1157	-14083126.000000000
1158	-14146578.000000000
1159	-14203100.000000000
1160	-14215896.000000000
1161	-14275276.000000000
1162	-14318336.000000000
1163	-14346971.000000000
1164	-14377416.000000000
1165	-14429789.000000000
1166	-14464832.000000000
1167	-14475813.000000000
1168	-14482254.000000000
1169	-14496611.000000000
1170	-14500443.000000000
1171	-14523015.000000000
1172	-14520697.000000000
1173	-14526768.000000000
1174	-14530578.000000000
1175	-14530615.000000000
1176	-14534140.000000000
1177	-14555129.000000000
1178	-14563014.000000000
1179	-14545787.000000000
1180	-14550064.000000000
1181	-14586403.000000000
1182	-14589986.000000000
1183	-14569925.000000000
1184	-14559698.000000000
1185	-14568949.000000000
1186	-14576565.000000000
1187	-14572733.000000000
1188	-14554091.000000000
1189	-14569019.000000000
1190	-14574149.000000000
1191	-14541951.000000000
1192	-14533279.000000000
1193	-14533115.000000000
1194	-14516393.000000000
1195	-14501107.000000000
1196	-14483610.000000000
1197	-14472082.000000000
1198	-14432316.000000000
1199	-14401196.000000000
1200	-14389688.000000000
1201	-14339930.000000000
1202	-14248119.000000000
1203	-14155325.000000000
1204	-14075596.000000000
1205	-14014379.000000000
1206	-13917367.000000000
1207	-13779682.000000000
1208	-13653959.000000000
1209	-13558183.000000000
1210	-13455687.000000000
1211	-13355377.000000000
1212	-13271494.000000000
1213	-13204087.000000000
1214	-13154090.000000000
1215	-13119780.000000000
1216	-13129300.000000000
1217	-13163556.000000000
1218	-13189634.000000000
1219	-13236218.000000000
1220	-13292728.000000000
1221	-13363511.000000000
1222	-13453002.000000000
1223	-13507460.000000000
1224	-13577502.000000000
1225	-13657359.000000000
1226	-13711248.000000000
1227	-13788871.000000000
1228	-13875430.000000000
1229	-13957663.000000000
1230	-14031420.000000000
1231	-14099177.000000000
1232	-14143999.000000000
1233	-14195583.000000000
1234	-14230578.000000000
1235	-14285636.000000000
1236	-14321992.000000000
1237	-14350454.000000000
1238	-14382326.000000000
1239	-14393741.000000000
1240	-14419179.000000000
1241	-14427921.000000000
1242	-14440994.000000000
1243	-14444972.000000000
1244	-14436026.000000000
1245	-14437685.000000000
1246	-14452628.000000000
1247	-14445875.000000000
1248	-14466651.000000000
1249	-14471411.000000000
1250	-14467103.000000000
1251	-14505143.000000000
1252	-14497544.000000000
1253	-14482859.000000000
1254	-14483888.000000000
1255	-14487998.000000000
1256	-14481732.000000000
1257	-14504765.000000000
1258	-14507038.000000000
1259	-14494852.000000000
1260	-14503782.000000000
1261	-14512575.000000000
1262	-14505840.000000000
1263	-14515616.000000000
1264	-14502128.000000000
1265	-14513005.000000000
1266	-14496009.000000000
1267	-14480031.000000000
1268	-14464300.000000000
1269	-14439781.000000000
1270	-14375221.000000000
1271	-14303510.000000000
1272	-14223032.000000000
1273	-14128456.000000000
1274	-14018534.000000000
1275	-13911651.000000000
1276	-13820707.000000000
1277	-13737600.000000000
1278	-13632370.000000000
1279	-13559796.000000000
1280	-13394584.000000000
1281	-13231279.000000000
1282	-13115885.000000000
1283	-13020518.000000000
1284	-12985018.000000000
1285	-12996244.000000000
1286	-13041855.000000000
1287	-13150395.000000000
1288	-13367135.000000000
1289	-13617898.000000000
1290	NaN
