Sample Name	H2O [N/cm^3]	Processed Delta 2H	Processed Delta 2H StDev	Processed Delta 18O	Processed Delta 18O StDev	Processed Delta 17O	Processed Delta 17O StDev	L1 Narrow Band Metric	L1 Broad Band Metric	Averaged #
VE	3.083733E+16	-60.314692	1.522086E+0	-8.440227	1.801275E-1	-4.426481	9.241802E-3	4.39332000	1.00170999	3
Alpen	NaN	NaN	-0.000000E+0	NaN	-0.000000E+0	NaN	-0.000000E+0	NaN	NaN	0
Alpen	3.055863E+16	-176.095062	1.748215E+0	-22.653961	3.027367E-1	-12.016785	2.131471E-1	4.68289667	1.00154546	3
Colle	NaN	NaN	-0.000000E+0	NaN	-0.000000E+0	NaN	-0.000000E+0	NaN	NaN	0
Colle	3.069430E+16	-49.844975	2.805406E+0	-7.945680	2.257971E-1	-3.958792	1.249076E-1	4.42538750	1.00158256	4
Sammelprobe	3.086832E+16	1.453592	6.672289E-1	7.922436	1.213092E-1	4.004573	2.477973E-2	4.50088250	1.00163621	4
40_1252	3.031437E+16	-60.303048	8.438359E-1	-8.095046	1.285197E-1	-4.309667	8.168852E-2	4.59328500	1.00146723	4
50_1252	3.060047E+16	-60.219461	1.453263E+0	-8.275383	1.423268E-1	-4.336513	1.421783E-1	4.49126333	1.00152221	3
40_1323	3.060622E+16	-59.777412	4.281096E-1	-8.005661	6.348091E-2	-4.357741	3.494488E-2	4.55408750	1.00152623	4
50_1324	3.080627E+16	-58.295342	5.024969E-1	-7.606959	8.389091E-2	-4.191668	8.335641E-2	4.54999750	1.00155037	4
40_1352	3.088942E+16	-58.208540	2.034004E+0	-7.819835	2.057823E-1	-4.308418	1.180085E-1	4.81086500	1.00155574	4
Colle	3.094377E+16	-49.465617	5.728130E-1	-8.079756	4.993762E-2	-4.553781	6.563139E-2	4.54117750	1.00158256	4
Alpen	NaN	NaN	-0.000000E+0	NaN	-0.000000E+0	NaN	-0.000000E+0	NaN	NaN	0
Alpen	3.110800E+16	-175.933387	5.329997E-1	-22.541131	8.794429E-2	-11.966598	9.015159E-2	4.76614000	1.00157854	4
VE	NaN	NaN	-0.000000E+0	NaN	-0.000000E+0	NaN	-0.000000E+0	NaN	NaN	0
VE	3.111442E+16	-60.949289	2.455778E-1	-8.680735	2.712746E-2	-4.618197	9.033065E-2	4.52913500	1.00153026	4
Sammelprobe	3.099840E+16	1.716676	4.610188E-1	8.015866	9.262809E-2	4.067795	6.910922E-2	4.79148250	1.00143237	4
50_1353	3.102185E+16	-55.993712	5.721311E-1	-6.825295	1.131026E-1	-3.953074	3.911386E-2	4.80648500	1.00140690	4
40_1423	3.111287E+16	-57.428049	1.083155E+0	-7.414698	8.756633E-2	-4.283632	9.548922E-2	4.76596250	1.00138008	4
50_1424	3.119687E+16	-53.686017	4.221167E-1	-6.372634	5.059743E-2	-3.726692	4.016931E-2	4.64681000	1.00140287	4
40_1453	3.122980E+16	-56.338804	4.503139E-1	-7.332182	4.703024E-2	-4.268941	2.338999E-2	4.73684500	1.00142701	4
50_1455	3.135730E+16	-51.780655	1.512422E-1	-5.862211	4.010752E-2	-3.386785	1.669550E-2	4.59474500	1.00142969	4
Alpen	NaN	NaN	-0.000000E+0	NaN	-0.000000E+0	NaN	-0.000000E+0	NaN	NaN	0
Alpen	3.083642E+16	-176.108147	1.149684E-1	-22.585417	7.290445E-2	-12.076061	6.302526E-2	4.87627000	1.00134255	4
Sammelprobe	NaN	NaN	-0.000000E+0	NaN	-0.000000E+0	NaN	-0.000000E+0	NaN	NaN	0
Sammelprobe	3.100637E+16	1.375095	2.501575E-1	7.983540	1.017566E-1	3.967329	5.574146E-2	4.71351500	1.00136266	4
Colle	3.119990E+16	-49.712491	3.058337E-1	-7.844896	4.643139E-2	-4.312727	3.182470E-2	4.73131500	1.00139617	4
VE	3.119960E+16	-60.452774	4.483324E-1	-8.506205	8.178892E-2	-4.653238	8.771162E-2	4.56787000	1.00139885	4
40_1521	3.132372E+16	-55.980617	1.047320E+0	-6.861869	9.978179E-2	-3.682025	3.727812E-2	4.65462500	1.00144444	4
50_1522	3.131597E+16	-50.694459	9.151544E-1	-4.991138	5.529566E-2	-2.615000	7.346458E-2	4.51829750	1.00137204	4
40_1552	3.134360E+16	-54.680477	2.746890E-1	-6.610452	7.969652E-2	-3.381493	5.749463E-2	4.48527750	1.00138813	4
50_1553	3.136767E+16	-47.486910	6.343536E-1	-4.155863	7.204638E-2	-2.005665	7.480353E-2	4.66593750	1.00133987	4
VE	3.125837E+16	-60.575520	6.782438E-1	-8.622977	7.579024E-2	-4.359599	5.959911E-2	4.59851000	1.00126882	4
Alpen	3.095520E+16	-176.081215	0.000000E+0	-22.643923	0.000000E+0	-12.011436	0.000000E+0	4.77603000	1.00113615	1
Alpen	3.068135E+16	-176.087135	5.529938E-1	-22.501498	7.758778E-2	-12.028538	5.396341E-2	4.67167500	1.00097806	2
Colle	NaN	NaN	-0.000000E+0	NaN	-0.000000E+0	NaN	-0.000000E+0	NaN	NaN	0
Colle	3.095677E+16	-49.617276	2.051950E-1	-8.296125	3.558899E-2	-4.242640	6.036879E-2	4.55145000	1.00091108	4
Sammelprobe	3.019407E+16	1.427411	1.249012E+0	8.054623	4.320960E-1	4.014177	6.731135E-2	4.84741250	1.00068344	4
40_1252	3.123722E+16	-59.243052	4.948611E-1	-8.764682	7.994324E-2	-3.972809	8.109292E-2	4.58017500	1.00077850	4
50_1252	3.129145E+16	-59.522156	1.474243E-1	-8.830090	6.826422E-2	-4.042194	2.987934E-2	4.74621250	1.00080127	4
40_1323	3.114842E+16	-58.780069	6.217701E-1	-8.387696	7.029883E-2	-3.900854	7.353917E-2	4.59808750	1.00071423	4
50_1324	3.119467E+16	-57.583209	1.381496E+0	-8.001195	2.926219E-1	-3.690772	1.898023E-1	4.54813750	1.00071557	4
40_1352	3.116827E+16	-57.612761	3.626377E-1	-8.114172	9.055723E-2	-3.682420	2.184633E-2	4.61827500	1.00069147	4
Colle	3.111332E+16	-49.346786	6.413995E-1	-7.923070	9.861153E-2	-4.452403	6.067392E-2	4.72382500	1.00062989	4
Alpen	NaN	NaN	-0.000000E+0	NaN	-0.000000E+0	NaN	-0.000000E+0	NaN	NaN	0
Alpen	3.054730E+16	-176.045018	9.065472E-3	-22.648867	7.406106E-2	-12.013384	1.116484E-2	4.76572000	1.00043984	2
VE	NaN	NaN	-0.000000E+0	NaN	-0.000000E+0	NaN	-0.000000E+0	NaN	NaN	0
VE	3.110230E+16	-61.177150	5.290824E-1	-8.507436	8.642256E-2	-5.020975	4.129567E-2	4.80786500	1.00042646	4
Sammelprobe	3.115547E+16	1.862910	4.368548E-1	7.937527	6.482192E-2	4.233596	5.154022E-2	4.65298750	1.00037562	4
50_1353	3.106765E+16	-55.523304	3.695964E-1	-6.732034	9.448926E-2	-3.734749	6.094440E-2	4.49061000	1.00039703	4
40_1423	3.110532E+16	-57.391616	8.512698E-1	-7.401952	4.703024E-2	-3.985056	6.426299E-2	4.58143750	1.00044921	4
50_1424	3.106242E+16	-53.778893	4.375284E-1	-6.102357	8.803852E-2	-3.183801	7.245210E-2	4.61052000	1.00040104	4
40_1453	3.107592E+16	-56.224329	7.337060E-1	-7.055157	7.221881E-2	-3.628640	4.152562E-2	4.41010500	1.00037562	4
50_1455	3.113132E+16	-51.564959	1.941860E-1	-5.509373	8.245783E-2	-2.555992	1.032790E-1	4.57458750	1.00035689	4
Alpen	NaN	NaN	-0.000000E+0	NaN	-0.000000E+0	NaN	-0.000000E+0	NaN	NaN	0
Alpen	3.106737E+16	-175.851760	6.883493E-1	-22.636091	6.115237E-2	-11.729621	6.488857E-2	4.54390750	1.00029802	4
Sammelprobe	NaN	NaN	-0.000000E+0	NaN	-0.000000E+0	NaN	-0.000000E+0	NaN	NaN	0
Sammelprobe	3.125732E+16	1.412720	9.655685E-1	7.921987	9.440146E-2	4.026040	4.216005E-2	4.43222000	1.00016159	4
Colle	3.129975E+16	-49.423699	7.042924E-1	-7.981314	2.267362E-2	-4.268315	3.969965E-2	4.28514750	1.00013217	4
VE	3.115802E+16	-60.735020	4.541792E-1	-8.506673	5.301818E-2	-4.525724	4.213267E-2	4.46787250	1.00008403	4
40_1521	3.109310E+16	-55.892381	4.904719E-1	-6.610198	7.018078E-2	-3.532956	1.433345E-2	4.44848500	0.99994766	4
50_1522	3.112935E+16	-50.070568	6.896390E-1	-4.534676	6.795988E-2	-2.382187	7.469544E-2	4.58730250	0.99984340	4
40_1552	3.122445E+16	-54.638973	3.000463E-1	-6.207344	1.286809E-1	-3.320972	5.071056E-2	4.52387250	0.99980865	4
50_1553	3.131462E+16	-47.300810	5.137012E-1	-3.737214	8.066603E-2	-2.014178	6.947152E-2	4.74838250	0.99977123	4
Colle	3.122690E+16	-48.341787	9.454567E-1	-7.947936	1.210354E-1	-4.237699	1.093927E-1	4.28780750	0.99978860	4
Alpen	NaN	NaN	-0.000000E+0	NaN	-0.000000E+0	NaN	-0.000000E+0	NaN	NaN	0
Alpen	3.118937E+16	-175.918213	1.693873E-1	-22.650252	4.824862E-2	-12.014743	6.985673E-2	4.77753750	0.99962292	4
VE	3.129940E+16	-62.017000	0.000000E+0	-8.543812	0.000000E+0	-4.557557	0.000000E+0	4.50685000	0.99972313	1
VE	3.121397E+16	-61.506517	7.046327E-1	-8.677423	4.404868E-2	-4.564258	6.996817E-2	4.43611250	0.99930908	4
Sammelprobe	3.116000E+16	1.430310	3.811229E-1	7.919200	1.301465E-1	4.025704	5.081855E-2	4.53281250	0.99904079	4
VE	3.121067E+16	-59.807631	1.040390E+0	-8.355158	1.259454E-1	-4.493443	8.259134E-2	4.72363750	0.99903012	4
VE	3.118507E+16	-60.296162	3.204567E-1	-8.391619	6.419068E-2	-4.523003	4.357032E-2	4.77279875	0.99895340	8
VE	3.117400E+16	-60.540241	4.799986E-1	-8.454427	7.148519E-2	-4.494730	4.306788E-2	4.54158375	0.99938184	8
VE	3.123826E+16	-60.551625	8.129945E-1	-8.487581	9.652792E-2	-4.530330	6.524493E-2	4.44801375	0.99944795	8
VE	3.122674E+16	-60.661870	1.235916E+0	-8.532238	1.078529E-1	-4.547298	8.023593E-2	4.60383857	0.99941017	7
VE	3.119691E+16	-60.425814	9.468227E-1	-8.429392	9.923868E-2	-4.535462	5.986343E-2	4.49437286	0.99929115	7
VE	3.120146E+16	-60.052346	1.155026E+0	-8.423583	1.039356E-1	-4.464380	7.052768E-2	4.59352250	0.99927904	8
VE	3.122039E+16	-60.887577	8.444034E-1	-8.503443	7.789632E-2	-4.529515	4.490239E-2	4.65480250	0.99931709	8
VE	3.121516E+16	-60.630583	3.440862E-1	-8.502851	5.645502E-2	-4.554221	5.283677E-2	4.67841000	0.99932910	8
VE	3.124256E+16	-60.603513	8.980440E-1	-8.473865	7.769457E-2	-4.559217	5.086639E-2	4.56931714	0.99922097	7
VE	3.159436E+16	-60.668246	6.398197E-1	-8.448365	7.728662E-2	-4.520746	7.591856E-2	4.54342250	0.99921897	8
VE	3.176931E+16	-60.192820	9.936045E-1	-8.490657	7.239594E-2	-4.489951	4.427979E-2	4.54918250	0.99922497	8
VE	3.177271E+16	-60.851166	8.433425E-1	-8.501818	1.166942E-1	-4.534860	8.390968E-2	4.54994250	0.99912153	8
VE	3.178267E+16	-60.463904	5.958676E-1	-8.463050	8.446259E-2	-4.562126	6.573306E-2	4.39507625	0.99907349	8
VE	3.180525E+16	-60.545000	3.914807E-1	-8.476000	5.850171E-2	-4.527000	7.721416E-2	4.62380500	0.99901945	4
